1 0.626953125 0.68359375 0.211181640625 0.144775390625
1 0.3955078125 0.69921875 0.157958984375 0.156005859375
0 0.5419921875 0.4580078125 0.169921875 0.09375
2 0.1806640625 0.2763671875 0.220703125 0.056884765625
0 0.2607421875 0.5322265625 0.216796875 0.103759765625
0 0.4306640625 0.5009765625 0.181640625 0.103515625
0 0.7353515625 0.498046875 0.205078125 0.101806640625
2 0.708984375 0.248046875 0.30078125 0.0546875
2 0.4296875 0.265625 0.22265625 0.051025390625
0 0.7236328125 0.44140625 0.177490234375 0.06640625
0 0.23828125 0.470703125 0.156494140625 0.06640625