1 0.6650390625 0.158203125 0.302490234375 0.125244140625
2 0.40625 0.369140625 0.261962890625 0.140625
2 0.845703125 0.48046875 0.19140625 0.140380859375
0 0.576171875 0.541015625 0.132568359375 0.066650390625
2 0.6240234375 0.4375 0.2421875 0.129150390625
0 0.283203125 0.517578125 0.167724609375 0.090087890625
0 0.7109375 0.5859375 0.1640625 0.08203125
1 0.955078125 0.2412109375 0.089599609375 0.111572265625
2 0.5458984375 0.642578125 0.2734375 0.113525390625
0 0.4365234375 0.5498046875 0.157958984375 0.087646484375
0 0.4208984375 0.4892578125 0.150146484375 0.056640625