1 0.3193359375 0.69140625 0.243896484375 0.152587890625
1 0.5263671875 0.7353515625 0.1953125 0.166259765625
0 0.7080078125 0.6005859375 0.205078125 0.107421875
0 0.287109375 0.51171875 0.195068359375 0.101806640625
0 0.5673828125 0.544921875 0.174072265625 0.101806640625
2 0.8662109375 0.380859375 0.2109375 0.08984375
0 0.4833984375 0.48828125 0.161865234375 0.08984375
0 0.7568359375 0.5458984375 0.150390625 0.072265625
2 0.646484375 0.3330078125 0.22314453125 0.091552734375
2 0.3974609375 0.291015625 0.271484375 0.08154296875
0 0.314453125 0.4599609375 0.16796875 0.072509765625