1 0.4697265625 0.32421875 0.271728515625 0.16455078125
2 0.6328125 0.5546875 0.19140625 0.140625
2 0.2763671875 0.5166015625 0.283203125 0.127197265625
1 0.8017578125 0.373046875 0.247802734375 0.18359375
2 0.802734375 0.58984375 0.23095703125 0.1171875
0 0.353515625 0.7060546875 0.167724609375 0.099853515625
0 0.5205078125 0.7392578125 0.173828125 0.103515625
0 0.2138671875 0.6513671875 0.162353515625 0.076416015625
0 0.642578125 0.7109375 0.156005859375 0.073974609375
0 0.40234375 0.6572265625 0.11328125 0.033447265625
2 0.326457625 0.557450962890625 0.314704205078125 0.57389147265625 0.31021162890625 0.581816859375 0.312199544921875 0.589581125 0.34281407421875 0.592466359375 0.346617203125 0.598101845703125 0.36056760546875 0.601401390625 0.370678521484375 0.596982708984375 0.38740627734375 0.600213203125 0.39015636328125 0.59858208984375 0.398552056640625 0.6020197421875 0.42811354296875 0.597638380859375 0.496694345703125 0.600100595703125 0.53200142578125 0.606515552734375 0.544921875 0.605284455078125 0.544921875 0.584012951171875 0.540668439453125 0.572440744140625 0.53536687109375 0.534025015625 0.54076705078125 0.52503523828125 0.54050344921875 0.509935326171875 0.5263167109375 0.493097927734375 0.478085 0.489087958984375 0.458561708984375 0.484885142578125 0.400282708984375 0.4889386640625 0.384835240234375 0.50599193359375 0.326457625 0.557450962890625