1 0.197265625 0.34375 0.3115234375 0.14453125
2 0.173828125 0.546875 0.21484375 0.140625
1 0.458984375 0.2978515625 0.3447265625 0.125
2 0.3525390625 0.5380859375 0.2197265625 0.1142578125
2 0.619140625 0.4609375 0.2255859375 0.1083984375
0 0.3876953125 0.6884765625 0.1513671875 0.091796875
0 0.64453125 0.6171875 0.150390625 0.08203125
0 0.5263671875 0.66015625 0.1494140625 0.083984375
0 0.2333984375 0.681640625 0.1435546875 0.076171875
0 0.5234375 0.599609375 0.123046875 0.0517578125
0 0.3720703125 0.6298828125 0.1259765625 0.044921875
2 0.459259259765625 0.527604166015625 0.4694444453125 0.538020833984375 0.47592592578125 0.540104166015625 0.4944444453125 0.539583333984375 0.515740740234375 0.533333333984375 0.539814814453125 0.525 0.571296296875 0.508333333984375 0.562037037109375 0.496354166015625 0.5305555546875 0.479166666015625 0.49537037109375 0.4296875 0.463888888671875 0.431770833984375 0.415740740234375 0.444791666015625 0.340740740234375 0.452083333984375 0.341666666015625 0.4640625 0.35462962890625 0.480208333984375 0.378703703125 0.483854166015625 0.396296296875 0.491145833984375 0.403703703125 0.4984375 0.459259259765625 0.527604166015625