0 0.541015625 0.14453125 0.250244140625 0.171875
0 0.7119140625 0.587890625 0.1640625 0.090087890625
2 0.515625 0.4697265625 0.242431640625 0.114990234375
2 0.6826171875 0.42578125 0.3203125 0.109375
2 0.4833984375 0.7158203125 0.325927734375 0.125
0 0.5693359375 0.6162109375 0.166015625 0.099365234375
2 0.2431640625 0.482421875 0.294921875 0.10546875
0 0.1943359375 0.65625 0.087646484375 0.101318359375
0 0.388671875 0.625 0.152587890625 0.050537109375
0 0.3310546875 0.6513671875 0.044677734375 0.084228515625
1 0.796875 0.1904296875 0.351318359375 0.041259765625