1 0.416015625 0.2783203125 0.337890625 0.1484375
2 0.7255859375 0.4375 0.294921875 0.16015625
2 0.3310546875 0.6142578125 0.212890625 0.1787109375
1 0.107421875 0.4384765625 0.2138671875 0.1884765625
0 0.9091796875 0.5703125 0.1748046875 0.09765625
2 0.5361328125 0.5439453125 0.2138671875 0.1533203125
2 0.685546875 0.740234375 0.2841796875 0.15234375
0 0.5029296875 0.701171875 0.1552734375 0.08203125
0 0.76171875 0.625 0.16796875 0.0986328125
0 0.6220703125 0.6376953125 0.111328125 0.056640625
0 0.7734375 0.560546875 0.111328125 0.046875