0 0.8046875 0.435546875 0.1650390625 0.09765625
2 0.4599609375 0.2841796875 0.185546875 0.1416015625
1 0.0693359375 0.494140625 0.138671875 0.14453125
2 0.4794921875 0.49609375 0.1865234375 0.111328125
2 0.4580078125 0.591796875 0.220703125 0.1162109375
0 0.796875 0.529296875 0.18359375 0.095703125
0 0.7216796875 0.6064453125 0.162109375 0.0859375
0 0.6884765625 0.5087890625 0.091796875 0.083984375
0 0.787109375 0.3369140625 0.1728515625 0.0986328125
0 0.6953125 0.41015625 0.1103515625 0.078125
2 0.4609375 0.3955078125 0.1982421875 0.10546875
1 0.078125 0.310546875 0.1552734375 0.19140625