2 0.6376953125 0.36328125 0.197021484375 0.12109375
1 0.724609375 0.1162109375 0.3046875 0.142578125
1 0.3798828125 0.1240234375 0.240234375 0.142578125
2 0.8408203125 0.3544921875 0.2421875 0.115478515625
2 0.2939453125 0.3701171875 0.216796875 0.130859375
0 0.451171875 0.5498046875 0.15625 0.095458984375
0 0.3173828125 0.515625 0.150634765625 0.077880859375
0 0.771484375 0.5390625 0.1640625 0.09326171875
0 0.609375 0.552734375 0.16357421875 0.086181640625
0 0.6591796875 0.49609375 0.142822265625 0.066162109375
0 0.4892578125 0.4921875 0.146240234375 0.050537109375
2 0.368138626953125 0.4296875 0.37852929296875 0.4296875 0.394714072265625 0.428226767578125 0.41321158984375 0.429454447265625 0.458693216796875 0.42313956640625 0.525440626953125 0.418601095703125 0.544019955078125 0.415141384765625 0.560656814453125 0.41687128515625 0.583846884765625 0.414499728515625 0.5859375 0.408914318359375 0.5859375 0.40156038671875 0.5561110703125 0.3590043046875 0.55360641015625 0.343351759765625 0.546418287109375 0.330777630859375 0.523299365234375 0.314453125 0.5167708125 0.314453125 0.492904556640625 0.319821689453125 0.480896623046875 0.31813830078125 0.449383578125 0.31990531640625 0.39821089453125 0.333976708984375 0.37992106640625 0.3739032109375 0.372023939453125 0.4019531484375 0.372767927734375 0.41237887890625 0.366223802734375 0.415959513671875 0.36332828125 0.42270228515625 0.368138626953125 0.4296875