1 0.3779296875 0.27734375 0.16796875 0.077880859375
0 0.4306640625 0.6123046875 0.131103515625 0.080078125
2 0.2890625 0.46484375 0.15576171875 0.090087890625
0 0.431640625 0.556640625 0.117431640625 0.05078125
2 0.7060546875 0.4501953125 0.177978515625 0.07421875
0 0.5654296875 0.6103515625 0.134521484375 0.075927734375
1 0.6025390625 0.2763671875 0.220458984375 0.076171875
2 0.5546875 0.4580078125 0.15673828125 0.08203125
0 0.291015625 0.591796875 0.125244140625 0.073974609375
0 0.5927734375 0.546875 0.107177734375 0.042724609375
2 0.517578125 0.469269484375 0.517258783203125 0.4683485234375 0.497849943359375 0.4530142421875 0.481939171875 0.43378465234375 0.46296332421875 0.421875 0.458025203125 0.421875 0.4075967421875 0.43219745703125 0.3675144609375 0.445950244140625 0.356345001953125 0.479067501953125 0.35599305859375 0.4895233828125 0.362203814453125 0.501953125 0.418116962890625 0.501953125 0.448971205078125 0.49241661328125 0.503466947265625 0.48756671484375 0.517578125 0.483900029296875 0.517578125 0.469269484375
0 0.57083021875 0.570426572265625 0.570850470703125 0.571793677734375 0.5767946796875 0.57840341015625 0.60979411328125 0.584212041015625 0.619417505859375 0.58817138671875 0.631370642578125 0.597700119140625 0.635854015625 0.60676171484375 0.6383073125 0.60725048046875 0.645907837890625 0.6071941796875 0.65435231640625 0.6058523828125 0.67320095703125 0.598120779296875 0.6880505390625 0.58703983203125 0.693359375 0.5723316875 0.693359375 0.566786177734375 0.6908130078125 0.553895626953125 0.682682810546875 0.545639056640625 0.65306603125 0.535909630859375 0.643750837890625 0.535585353515625 0.62393545703125 0.54286909375 0.60978655078125 0.540305494140625 0.58975102734375 0.5449927578125 0.580173552734375 0.55252934375 0.5712565078125 0.567855361328125 0.57083021875 0.570426572265625