0 0.533203125 0.5439453125 0.1806640625 0.10546875
0 0.43359375 0.908203125 0.1337890625 0.0849609375
2 0.720703125 0.7822265625 0.212890625 0.09765625
2 0.265625 0.775390625 0.2548828125 0.091796875
2 0.482421875 0.7861328125 0.2822265625 0.0927734375
0 0.72265625 0.9560546875 0.173828125 0.080078125
0 0.267578125 0.9130859375 0.169921875 0.09765625
0 0.5537109375 0.9501953125 0.171875 0.0908203125
1 0.724609375 0.5732421875 0.2294921875 0.0693359375
1 0.3134765625 0.5673828125 0.19921875 0.0654296875
0 0.615234375 0.9111328125 0.154296875 0.0810546875
2 0.361328125 0.9833984375 0.26953125 0.0244140625