1 0.5400390625 0.5576171875 0.27734375 0.17578125
2 0.853515625 0.3916015625 0.265380859375 0.142822265625
2 0.634765625 0.294921875 0.29296875 0.148681640625
2 0.4033203125 0.1953125 0.318115234375 0.129150390625
0 0.3359375 0.599609375 0.120849609375 0.062255859375
0 0.455078125 0.66015625 0.156005859375 0.085693359375
0 0.3056640625 0.693359375 0.181396484375 0.1015625
1 0.244140625 0.400390625 0.13671875 0.22216796875
0 0.1904296875 0.587890625 0.162353515625 0.093994140625
0 0.06640625 0.5361328125 0.12548828125 0.09375
0 0.1943359375 0.5263671875 0.130859375 0.049072265625