2 0.66796875 0.48046875 0.2978515625 0.11328125
0 0.54296875 0.2587890625 0.21875 0.1396484375
2 0.5205078125 0.5302734375 0.212890625 0.1201171875
1 0.7744140625 0.287109375 0.2919921875 0.0869140625
2 0.5029296875 0.7431640625 0.2783203125 0.1220703125
2 0.2119140625 0.572265625 0.1171875 0.1083984375
0 0.69921875 0.6220703125 0.1435546875 0.078125
0 0.5732421875 0.6552734375 0.1484375 0.0751953125
2 0.40625 0.556640625 0.1240234375 0.1162109375
1 0.3466796875 0.326171875 0.474609375 0.1298828125
0 0.24609375 0.6953125 0.0859375 0.080078125