1 0.0908203125 0.4541015625 0.177734375 0.1279296875
2 0.3662109375 0.5458984375 0.158203125 0.134765625
1 0.2294921875 0.298828125 0.2119140625 0.1044921875
0 0.7744140625 0.4248046875 0.13671875 0.078125
2 0.5556640625 0.359375 0.17578125 0.1171875
0 0.533203125 0.5849609375 0.126953125 0.078125
2 0.470703125 0.4638671875 0.1064453125 0.134765625
0 0.5869140625 0.5185546875 0.111328125 0.0634765625
2 0.6787109375 0.5859375 0.169921875 0.1240234375
0 0.693359375 0.4853515625 0.1337890625 0.0791015625
0 0.6572265625 0.4384765625 0.109375 0.064453125