0 0.513671875 0.6689453125 0.113525390625 0.060791015625
0 0.2919921875 0.650390625 0.103759765625 0.058837890625
0 0.3974609375 0.6669921875 0.111328125 0.0625
2 0.51953125 0.5400390625 0.11669921875 0.0546875
2 0.6337890625 0.5439453125 0.127197265625 0.044921875
1 0.556640625 0.404296875 0.132568359375 0.03466796875
2 0.3134765625 0.537109375 0.126953125 0.054443359375
1 0.3837890625 0.392578125 0.118896484375 0.031494140625
0 0.5556640625 0.6240234375 0.083984375 0.044677734375
2 0.4189453125 0.541015625 0.123291015625 0.047119140625
0 0.39083089453125 0.636204708984375 0.415854357421875 0.637330662109375 0.433526080078125 0.6417104140625 0.44941379296875 0.65234375 0.44947915234375 0.65234375 0.462890625 0.63671483984375 0.462890625 0.62431603515625 0.456216212890625 0.61526872265625 0.4431370546875 0.60872515625 0.428269958984375 0.605859185546875 0.397719056640625 0.606392453125 0.38203525390625 0.60979169140625 0.370154576171875 0.6188545859375 0.36749538671875 0.625672865234375 0.36582561328125 0.636120267578125 0.36960147265625 0.64022166015625 0.39083089453125 0.636204708984375
0 0.589182130859375 0.6796875 0.612145017578125 0.6796875 0.623774625 0.6715280390625 0.62890625 0.660924826171875 0.62890625 0.6445512109375 0.620716861328125 0.634467216796875 0.600522298828125 0.6240677890625 0.57917470703125 0.62666251171875 0.547707111328125 0.62535923828125 0.54017357421875 0.6324647109375 0.536279548828125 0.6433070625 0.54357675 0.64973944140625 0.55921510546875 0.6558582890625 0.5700427421875 0.672275783203125 0.589182130859375 0.6796875