2 0.396484375 0.2314453125 0.198974609375 0.135009765625
2 0.5830078125 0.234375 0.236083984375 0.1171875
2 0.2001953125 0.2421875 0.232666015625 0.1171875
0 0.6044921875 0.423828125 0.162109375 0.09716796875
0 0.44140625 0.4384765625 0.167724609375 0.092041015625
0 0.767578125 0.380859375 0.15625 0.08984375
0 0.578125 0.36328125 0.144287109375 0.04638671875
1 0.2412109375 0.0234375 0.255615234375 0.046875
0 0.33984375 0.3935546875 0.15234375 0.084228515625
0 0.40234375 0.359375 0.0625 0.01953125
1 0.6025390625 0.005859375 0.138427734375 0.011474609375
2 0.680033708984375 0.224271779296875 0.696615861328125 0.253514134765625 0.708336560546875 0.26278299609375 0.713234365234375 0.281715458984375 0.730852595703125 0.2812883984375 0.744623962890625 0.2848962109375 0.78747456640625 0.28515625 0.81911025390625 0.28515625 0.85775441015625 0.282071853515625 0.889762017578125 0.26755505859375 0.8919035703125 0.2592914296875 0.87726302734375 0.227511123046875 0.857741201171875 0.20285646875 0.854657763671875 0.185029666015625 0.84050633984375 0.16577405859375 0.72979009765625 0.152527048828125 0.701748921875 0.150390625 0.643946966796875 0.150390625 0.642578125 0.154685068359375 0.642578125 0.15891173828125 0.649609142578125 0.16692504296875 0.65543230859375 0.185889822265625 0.676768505859375 0.21165013671875 0.680033708984375 0.224271779296875