2 0.322265625 0.7021484375 0.185546875 0.08984375
2 0.5966796875 0.70703125 0.1455078125 0.0869140625
0 0.4482421875 0.87890625 0.14453125 0.0966796875
1 0.6357421875 0.5361328125 0.166015625 0.068359375
0 0.5927734375 0.884765625 0.1533203125 0.091796875
0 0.3076171875 0.8447265625 0.1337890625 0.08984375
1 0.4033203125 0.529296875 0.158203125 0.0625
2 0.74609375 0.708984375 0.1787109375 0.076171875
0 0.47265625 0.8125 0.125 0.06640625
0 0.64453125 0.8076171875 0.1064453125 0.0458984375
2 0.52777777734375 0.7453125 0.539814814453125 0.742708333984375 0.541666666015625 0.7296875 0.531481482421875 0.7140625 0.5231481484375 0.6859375 0.512037037109375 0.6734375 0.50092592578125 0.66875 0.483333333984375 0.6703125 0.425 0.665104166015625 0.421296296875 0.6609375 0.40462962890625 0.684375 0.39537037109375 0.713541666015625 0.383333333984375 0.730208333984375 0.3805555546875 0.7453125 0.383333333984375 0.747916666015625 0.392592591796875 0.749479166015625 0.442592591796875 0.743229166015625 0.488888888671875 0.742708333984375 0.52777777734375 0.7453125