2 0.2919921875 0.51171875 0.189208984375 0.14013671875
1 0.2734375 0.2998046875 0.265869140625 0.138916015625
0 0.5185546875 0.65234375 0.150146484375 0.090087890625
2 0.7490234375 0.419921875 0.232177734375 0.113037109375
2 0.47265625 0.5 0.214599609375 0.117431640625
0 0.3759765625 0.6416015625 0.142822265625 0.080322265625
1 0.54296875 0.2529296875 0.328369140625 0.122802734375
0 0.6630859375 0.6279296875 0.154052734375 0.083984375
0 0.7900390625 0.5869140625 0.161865234375 0.0859375
0 0.509765625 0.5908203125 0.133056640625 0.0546875
0 0.6650390625 0.564453125 0.125 0.058837890625
2 0.48490040625 0.439244123046875 0.56086977734375 0.505859375 0.590115185546875 0.505859375 0.612065990234375 0.502843181640625 0.645635935546875 0.493778759765625 0.681640625 0.4776510390625 0.681640625 0.46882253515625 0.665003755859375 0.459873783203125 0.632612009765625 0.421555720703125 0.62313226171875 0.3937541328125 0.6200513828125 0.3937313125 0.591617384765625 0.393964919921875 0.531960501953125 0.409153787109375 0.467008568359375 0.41379081640625 0.463254119140625 0.415781494140625 0.46656836328125 0.4314941640625 0.48490040625 0.439244123046875