0 0.533203125 0.5439453125 0.179931640625 0.10546875
0 0.43359375 0.908203125 0.133056640625 0.085693359375
2 0.720703125 0.7822265625 0.21435546875 0.09765625
2 0.265625 0.775390625 0.254150390625 0.09033203125
2 0.482421875 0.7861328125 0.281494140625 0.092041015625
0 0.72265625 0.9560546875 0.17236328125 0.080078125
0 0.267578125 0.9130859375 0.16845703125 0.09765625
0 0.5537109375 0.9501953125 0.171875 0.091552734375
1 0.724609375 0.5732421875 0.230224609375 0.068603515625
1 0.3134765625 0.5673828125 0.19921875 0.064697265625
0 0.615234375 0.9111328125 0.15283203125 0.080322265625
2 0.361328125 0.9833984375 0.26953125 0.025146484375