0 0.32037037109375 0.693229166015625 0.3305555546875 0.690625 0.356481482421875 0.674479166015625 0.359259259765625 0.645833333984375 0.34907407421875 0.6328125 0.321296296875 0.639583333984375 0.281481482421875 0.6453125 0.267592591796875 0.644791666015625 0.237962962890625 0.638541666015625 0.228703703125 0.640104166015625 0.2231481484375 0.643229166015625 0.225 0.649479166015625 0.25 0.6859375 0.260185185546875 0.694791666015625 0.292592591796875 0.697916666015625 0.32037037109375 0.693229166015625
0 0.4555555546875 0.709375 0.4768518515625 0.702604166015625 0.4981481484375 0.686979166015625 0.50462962890625 0.675520833984375 0.5055555546875 0.6625 0.49722222265625 0.64375 0.483333333984375 0.634895833984375 0.459259259765625 0.6265625 0.437037037109375 0.622916666015625 0.408333333984375 0.6265625 0.3694444453125 0.643229166015625 0.362037037109375 0.651041666015625 0.361111111328125 0.668229166015625 0.3694444453125 0.684895833984375 0.393518517578125 0.7015625 0.411111111328125 0.7078125 0.438888888671875 0.710416666015625 0.4555555546875 0.709375
0 0.57592592578125 0.680208333984375 0.62222222265625 0.667708333984375 0.634259259765625 0.658854166015625 0.641666666015625 0.641666666015625 0.640740740234375 0.631770833984375 0.631481482421875 0.619270833984375 0.608333333984375 0.6046875 0.578703703125 0.6015625 0.537037037109375 0.603645833984375 0.521296296875 0.608333333984375 0.507407408203125 0.6171875 0.49907407421875 0.6265625 0.4981481484375 0.641145833984375 0.509259259765625 0.663541666015625 0.516666666015625 0.669270833984375 0.536111111328125 0.6765625 0.562962962890625 0.680729166015625 0.57592592578125 0.680208333984375
0 0.72592592578125 0.633333333984375 0.740740740234375 0.627604166015625 0.7555555546875 0.615625 0.759259259765625 0.597916666015625 0.753703703125 0.583333333984375 0.740740740234375 0.572395833984375 0.72592592578125 0.565104166015625 0.710185185546875 0.5609375 0.69907407421875 0.559375 0.661111111328125 0.5609375 0.633333333984375 0.5703125 0.615740740234375 0.586458333984375 0.614814814453125 0.597916666015625 0.621296296875 0.608854166015625 0.643518517578125 0.627083333984375 0.667592591796875 0.636979166015625 0.7018518515625 0.638020833984375 0.72592592578125 0.633333333984375
0 0.62407407421875 0.571875 0.615740740234375 0.564583333984375 0.609259259765625 0.5640625 0.510185185546875 0.5890625 0.5055555546875 0.594791666015625 0.518518517578125 0.606770833984375 0.560185185546875 0.601041666015625 0.608333333984375 0.603125 0.613888888671875 0.586458333984375 0.62407407421875 0.571875
0 0.4768518515625 0.613020833984375 0.478703703125 0.599479166015625 0.47592592578125 0.597916666015625 0.459259259765625 0.601041666015625 0.3731481484375 0.624479166015625 0.371296296875 0.6265625 0.382407408203125 0.633333333984375 0.412037037109375 0.625 0.435185185546875 0.621875 0.462962962890625 0.6265625 0.4768518515625 0.613020833984375
1 0.160185185546875 0.366666666015625 0.1694444453125 0.371354166015625 0.175 0.380208333984375 0.233333333984375 0.429166666015625 0.282407408203125 0.421354166015625 0.3518518515625 0.406770833984375 0.368518517578125 0.401041666015625 0.3731481484375 0.402083333984375 0.411111111328125 0.394270833984375 0.409259259765625 0.381770833984375 0.40092592578125 0.373958333984375 0.358333333984375 0.34375 0.339814814453125 0.334375 0.242592591796875 0.270833333984375 0.218518517578125 0.272916666015625 0.184259259765625 0.2796875 0.175 0.278645833984375 0.161111111328125 0.2859375 0.108333333984375 0.29375 0.09907407421875 0.297916666015625 0.0981481484375 0.304166666015625 0.1055555546875 0.315625 0.142592591796875 0.347395833984375 0.15092592578125 0.3578125 0.1555555546875 0.359375 0.160185185546875 0.366666666015625
1 0.678703703125 0.328125 0.6731481484375 0.323958333984375 0.462962962890625 0.234895833984375 0.358333333984375 0.251041666015625 0.331481482421875 0.257291666015625 0.3305555546875 0.263020833984375 0.340740740234375 0.2828125 0.50462962890625 0.375520833984375 0.55462962890625 0.368229166015625 0.675 0.341666666015625 0.678703703125 0.328125
2 0.291666666015625 0.594270833984375 0.335185185546875 0.578645833984375 0.335185185546875 0.5640625 0.325 0.5515625 0.2981481484375 0.504166666015625 0.288888888671875 0.475520833984375 0.282407408203125 0.46875 0.275 0.468229166015625 0.25462962890625 0.4734375 0.133333333984375 0.513020833984375 0.1305555546875 0.515625 0.143518517578125 0.536458333984375 0.193518517578125 0.6078125 0.208333333984375 0.610416666015625 0.2305555546875 0.609895833984375 0.291666666015625 0.594270833984375
2 0.365740740234375 0.586979166015625 0.383333333984375 0.5796875 0.40277777734375 0.575520833984375 0.431481482421875 0.5625 0.49722222265625 0.541666666015625 0.516666666015625 0.5328125 0.516666666015625 0.5296875 0.5 0.517708333984375 0.487962962890625 0.513020833984375 0.482407408203125 0.507291666015625 0.459259259765625 0.497916666015625 0.442592591796875 0.483854166015625 0.4305555546875 0.478645833984375 0.3694444453125 0.4703125 0.343518517578125 0.476041666015625 0.3268518515625 0.477083333984375 0.3 0.493229166015625 0.3 0.5046875 0.321296296875 0.543229166015625 0.332407408203125 0.554166666015625 0.340740740234375 0.578125 0.357407408203125 0.5875 0.365740740234375 0.586979166015625
2 0.466666666015625 0.504166666015625 0.4805555546875 0.506770833984375 0.508333333984375 0.521354166015625 0.52407407421875 0.5328125 0.546296296875 0.5296875 0.562962962890625 0.524479166015625 0.59537037109375 0.513020833984375 0.615740740234375 0.502083333984375 0.608333333984375 0.488020833984375 0.592592591796875 0.483333333984375 0.5555555546875 0.451041666015625 0.543518517578125 0.435416666015625 0.543518517578125 0.428125 0.537962962890625 0.421354166015625 0.521296296875 0.421354166015625 0.507407408203125 0.423958333984375 0.460185185546875 0.436979166015625 0.418518517578125 0.438541666015625 0.4055555546875 0.4421875 0.393518517578125 0.441666666015625 0.387037037109375 0.44375 0.387962962890625 0.453125 0.40277777734375 0.464583333984375 0.425 0.476041666015625 0.42777777734375 0.475 0.440740740234375 0.479166666015625 0.466666666015625 0.504166666015625
2 0.592592591796875 0.481770833984375 0.608333333984375 0.4875 0.618518517578125 0.499479166015625 0.6268518515625 0.5046875 0.688888888671875 0.492708333984375 0.711111111328125 0.484375 0.7731481484375 0.45 0.77037037109375 0.4453125 0.743518517578125 0.440625 0.671296296875 0.4203125 0.661111111328125 0.4109375 0.657407408203125 0.396875 0.6481481484375 0.391666666015625 0.636111111328125 0.3921875 0.612037037109375 0.400520833984375 0.556481482421875 0.424479166015625 0.55 0.428125 0.55 0.435416666015625 0.563888888671875 0.455729166015625 0.5768518515625 0.469791666015625 0.583333333984375 0.471875 0.592592591796875 0.481770833984375