2 0.7412109375 0.3623046875 0.2099609375 0.0986328125
1 0.3046875 0.1142578125 0.2177734375 0.0986328125
2 0.505859375 0.3583984375 0.275390625 0.0966796875
1 0.7001953125 0.1220703125 0.2294921875 0.10546875
2 0.2841796875 0.3544921875 0.248046875 0.09375
0 0.7119140625 0.517578125 0.1533203125 0.0849609375
0 0.3095703125 0.4755859375 0.1552734375 0.068359375
2 0.404296875 0.548828125 0.2578125 0.064453125
0 0.4580078125 0.4716796875 0.1201171875 0.0556640625
0 0.5654296875 0.5078125 0.1435546875 0.08203125
0 0.62109375 0.46875 0.138671875 0.056640625