2 0.2099609375 0.4951171875 0.20703125 0.142578125
1 0.23046875 0.2890625 0.32421875 0.15625
2 0.390625 0.4873046875 0.22607421875 0.111572265625
1 0.4951171875 0.2451171875 0.364990234375 0.13671875
2 0.6474609375 0.4072265625 0.228759765625 0.11328125
0 0.412109375 0.626953125 0.144775390625 0.08935546875
0 0.2685546875 0.6240234375 0.138427734375 0.068603515625
0 0.5517578125 0.6005859375 0.142578125 0.080078125
0 0.544921875 0.544921875 0.121337890625 0.047119140625
0 0.66796875 0.560546875 0.148193359375 0.078125
0 0.40234375 0.57421875 0.117431640625 0.0390625
2 0.36702703125 0.393548921875 0.3829781875 0.417755119140625 0.39210589453125 0.420027318359375 0.489542671875 0.484375 0.543256755859375 0.484375 0.56913344921875 0.478096544921875 0.595703125 0.46619836328125 0.595703125 0.45559980078125 0.59496545703125 0.453988982421875 0.583248390625 0.44890601171875 0.563763265625 0.435390728515625 0.5430484375 0.4129045546875 0.532021671875 0.397954970703125 0.5278239140625 0.37831244921875 0.493466451171875 0.37826596875 0.44452730078125 0.38753392578125 0.368314017578125 0.3884273984375 0.36702703125 0.393548921875