1 0.806640625 0.685546875 0.292724609375 0.172119140625
1 0.5478515625 0.7421875 0.25390625 0.19140625
0 0.2939453125 0.5908203125 0.271484375 0.154296875
0 0.8740234375 0.482421875 0.251708984375 0.144775390625
0 0.416015625 0.4560546875 0.218994140625 0.118896484375
0 0.21484375 0.5166015625 0.23828125 0.119384765625
0 0.6337890625 0.4775390625 0.232177734375 0.134521484375
0 0.787109375 0.40234375 0.195068359375 0.10986328125
2 0.794921875 0.1533203125 0.41015625 0.103515625
2 0.46875 0.2177734375 0.43017578125 0.122802734375
2 0.1455078125 0.26953125 0.283447265625 0.10205078125