2 0.736328125 0.330078125 0.191650390625 0.081787109375
0 0.4052734375 0.4892578125 0.140625 0.087646484375
0 0.2646484375 0.45703125 0.138671875 0.078125
1 0.3515625 0.091796875 0.207275390625 0.089599609375
2 0.57421875 0.3212890625 0.15673828125 0.09765625
1 0.6455078125 0.1064453125 0.208984375 0.095947265625
2 0.416015625 0.3193359375 0.191650390625 0.083984375
0 0.4287109375 0.4287109375 0.126953125 0.060791015625
0 0.544921875 0.498046875 0.144287109375 0.08154296875
0 0.6376953125 0.4619140625 0.134521484375 0.08203125
2 0.17154316015625 0.33507525390625 0.193966390625 0.351725146484375 0.2049261484375 0.355346392578125 0.255688923828125 0.358840095703125 0.27834747265625 0.358672255859375 0.30226346875 0.355032541015625 0.307005578125 0.352638984375 0.32598521484375 0.32221028515625 0.352728263671875 0.3046437890625 0.369140625 0.278828763671875 0.369140625 0.26953125 0.352794201171875 0.26953125 0.342224416015625 0.27028196484375 0.331595919921875 0.26953125 0.313452669921875 0.26953125 0.284686185546875 0.27186472265625 0.272497138671875 0.27496604296875 0.2531186171875 0.273051591796875 0.240027958984375 0.275590982421875 0.219654201171875 0.27519588671875 0.2043858359375 0.284936556640625 0.19156483984375 0.30208655859375 0.17421238671875 0.316947224609375 0.169166005859375 0.3261049609375 0.17154316015625 0.33507525390625
0 0.60275025 0.426514171875 0.6193081015625 0.42860826953125 0.650065138671875 0.42786723046875 0.65984841796875 0.432978208984375 0.66796875 0.433332234375 0.66796875 0.41850445703125 0.661573375 0.413274634765625 0.5911259921875 0.404322953125 0.557095884765625 0.40407087890625 0.55310755859375 0.40925552734375 0.551337208984375 0.429477619140625 0.5562815078125 0.4367435078125 0.56585530078125 0.443359375 0.569670998046875 0.443359375 0.59131826953125 0.429611904296875 0.60275025 0.426514171875