2 0.4287109375 0.6630859375 0.21875 0.15625
1 0.1171875 0.5107421875 0.234375 0.119384765625
0 0.666015625 0.7314453125 0.167724609375 0.09765625
0 0.767578125 0.5419921875 0.124755859375 0.079833984375
1 0.2373046875 0.341796875 0.28125 0.12841796875
0 0.6962890625 0.6279296875 0.130615234375 0.0859375
0 0.8935546875 0.4970703125 0.177490234375 0.095458984375
2 0.62109375 0.396484375 0.183837890625 0.11376953125
2 0.5419921875 0.482421875 0.236572265625 0.10498046875
0 0.8603515625 0.587890625 0.173828125 0.101318359375
2 0.420527484375 0.60690200390625 0.4496028671875 0.615054634765625 0.47795141796875 0.627929865234375 0.5096920078125 0.633363080078125 0.51447184765625 0.636809908203125 0.53786430078125 0.642075263671875 0.54135596875 0.642578125 0.551989033203125 0.642578125 0.559164150390625 0.641694759765625 0.57541952734375 0.609727666015625 0.587335474609375 0.5628261875 0.607421875 0.529206888671875 0.607421875 0.51604310546875 0.56218028125 0.516378228515625 0.514206244140625 0.521089388671875 0.478060369140625 0.52105583203125 0.458720927734375 0.523959904296875 0.450527017578125 0.527434712890625 0.432068634765625 0.5292588515625 0.4284562734375 0.5314970546875 0.41237715625 0.56762719921875 0.4129061796875 0.6020115390625 0.420527484375 0.60690200390625