1 0.1923828125 0.6640625 0.248046875 0.195556640625
0 0.7109375 0.4501953125 0.277587890625 0.14453125
0 0.4873046875 0.373046875 0.220703125 0.12890625
1 0.5126953125 0.669921875 0.201171875 0.19140625
0 0.1005859375 0.431640625 0.200927734375 0.144775390625
0 0.30078125 0.4140625 0.24267578125 0.136474609375
0 0.0927734375 0.3505859375 0.185546875 0.088134765625
0 0.71875 0.3720703125 0.24169921875 0.079833984375
1 0.09765625 0.044921875 0.1953125 0.038818359375
2 0.24659601953125 0.074753318359375 0.262451478515625 0.076530109375 0.265143673828125 0.074824375 0.28736269921875 0.074181470703125 0.33520715234375 0.078125 0.341488197265625 0.078125 0.367237556640625 0.07677553125 0.377299751953125 0.07416200390625 0.4951128046875 0.07528935546875 0.5234375 0.073804919921875 0.5234375 0.06912923046875 0.509144083984375 0.05995066015625 0.496932734375 0.056939794921875 0.466446310546875 0.05905906640625 0.439440451171875 0.056823548828125 0.332043951171875 0.059844220703125 0.272647837890625 0.05878465234375 0.247872908203125 0.063733890625 0.242488515625 0.067145361328125 0.24091178515625 0.0724434765625 0.24659601953125 0.074753318359375
2 0.626772546875 0.09765625 0.688194416015625 0.09765625 0.7210224609375 0.097581466796875 0.722414771484375 0.09765625 0.77510772265625 0.09765625 0.796953369140625 0.0956882890625 0.8795476796875 0.097096732421875 0.923985732421875 0.095810931640625 0.957082576171875 0.0904255625 0.9765625 0.080017767578125 0.9765625 0.074120486328125 0.957977849609375 0.072124458984375 0.900779791015625 0.056580603515625 0.863180990234375 0.056580603515625 0.8432637421875 0.059360640625 0.810095236328125 0.056580603515625 0.80815196875 0.056580603515625 0.660808599609375 0.080918314453125 0.619771462890625 0.094021490234375 0.61988049609375 0.09610196875 0.626772546875 0.09765625