1 0.3779296875 0.27734375 0.16796875 0.077880859375
0 0.4306640625 0.6123046875 0.131103515625 0.080078125
2 0.2890625 0.46484375 0.15576171875 0.090087890625
0 0.431640625 0.556640625 0.117431640625 0.05078125
2 0.7060546875 0.4501953125 0.177978515625 0.07421875
0 0.5654296875 0.6103515625 0.134521484375 0.075927734375
1 0.6025390625 0.2763671875 0.220458984375 0.076171875
2 0.5546875 0.4580078125 0.15673828125 0.08203125
0 0.291015625 0.591796875 0.125244140625 0.073974609375
0 0.5927734375 0.546875 0.107177734375 0.042724609375
2 0.371330498046875 0.436969337890625 0.355914640625 0.46827809375 0.354187845703125 0.478604796875 0.359484966796875 0.494124294921875 0.370282009765625 0.4985363203125 0.391202763671875 0.5 0.411453994140625 0.5 0.44578380078125 0.494415892578125 0.500332490234375 0.497187533203125 0.517191025390625 0.49523275390625 0.51919812890625 0.493283673828125 0.516509865234375 0.480036201171875 0.4993317890625 0.46211834765625 0.486127744140625 0.4408218984375 0.46782557421875 0.42543727734375 0.4127947265625 0.428900412109375 0.371330498046875 0.436969337890625
0 0.612064767578125 0.53881823828125 0.591671248046875 0.541792345703125 0.58143591015625 0.548487734375 0.571142701171875 0.56299562109375 0.5703125 0.566165916015625 0.5703125 0.566798181640625 0.575691310546875 0.5739674140625 0.608036990234375 0.582540802734375 0.617261525390625 0.587296890625 0.6282954765625 0.597795859375 0.631261228515625 0.60546875 0.658065658203125 0.60546875 0.669935138671875 0.6017503359375 0.685749181640625 0.591971099609375 0.693107123046875 0.576241560546875 0.69312090234375 0.574381498046875 0.691547791015625 0.559199751953125 0.68420597265625 0.550290716796875 0.65559100390625 0.538098931640625 0.646339458984375 0.53698867578125 0.625926650390625 0.542566953125 0.612064767578125 0.53881823828125