2 0.116452517578125 0.400390625 0.190999859375 0.400390625 0.191834779296875 0.400314974609375 0.265525470703125 0.3849878203125 0.297833123046875 0.381016501953125 0.30049359375 0.376301203125 0.292868169921875 0.367521658203125 0.29049894921875 0.346707408203125 0.30461044140625 0.31843422265625 0.3125 0.31385182421875 0.3125 0.309890474609375 0.310766419921875 0.30534857421875 0.266166173828125 0.299024392578125 0.1729070390625 0.30933867578125 0.1248112890625 0.31138484375 0.11758723046875 0.3187507578125 0.1170240859375 0.33334305859375 0.074708966796875 0.381695810546875 0.074903177734375 0.389508130859375 0.095462017578125 0.39711580859375 0.116452517578125 0.400390625
2 0.330400814453125 0.349772080078125 0.312638451171875 0.38056550390625 0.311919943359375 0.388925287109375 0.318464333984375 0.391319259765625 0.385319384765625 0.397498169921875 0.5020308828125 0.396857640625 0.5140127421875 0.3943867890625 0.52770351171875 0.386129375 0.521825841796875 0.373293140625 0.5223371953125 0.356603447265625 0.54296875 0.316642779296875 0.54296875 0.3046875 0.433999853515625 0.3046875 0.4200802265625 0.305194787109375 0.408124263671875 0.308706876953125 0.398789927734375 0.305881912109375 0.3849826328125 0.309453751953125 0.37194563671875 0.30674828515625 0.351606896484375 0.308446771484375 0.34525671484375 0.313862091796875 0.3421625703125 0.33845069921875 0.330400814453125 0.349772080078125
2 0.789644208984375 0.37951013671875 0.822265625 0.37046353515625 0.822265625 0.365993189453125 0.797459529296875 0.356089703125 0.783754552734375 0.345635265625 0.77544066796875 0.344571490234375 0.773634546875 0.34196215625 0.763505451171875 0.3388099375 0.7599659296875 0.3294241640625 0.768497966796875 0.31798661328125 0.768579775390625 0.313298615234375 0.76491299609375 0.31120528125 0.76070614453125 0.310546875 0.706820734375 0.310546875 0.5702891015625 0.32267241796875 0.563744978515625 0.326301529296875 0.58359412890625 0.35604595703125 0.584909400390625 0.38678327734375 0.58932016796875 0.399296826171875 0.6078176875 0.400387490234375 0.70789335546875 0.39544258984375 0.736719943359375 0.388225921875 0.739479119140625 0.38927503125 0.789644208984375 0.37951013671875
1 0.3266084296875 0.6053394140625 0.335023220703125 0.6063168046875 0.337698216796875 0.604564341796875 0.34262593359375 0.594305080078125 0.34163520703125 0.578458357421875 0.35207372265625 0.552419814453125 0.352687671875 0.5325471796875 0.361328125 0.5058627890625 0.361328125 0.470703125 0.301394298828125 0.470703125 0.289514271484375 0.472254884765625 0.26535646875 0.47185594921875 0.235913634765625 0.47600106640625 0.191271822265625 0.563658357421875 0.174333396484375 0.60450164453125 0.174003853515625 0.611328125 0.260708111328125 0.611328125 0.28231425 0.60947883203125 0.29904637890625 0.60987491796875 0.3266084296875 0.6053394140625
1 0.61471315234375 0.58735404296875 0.771484375 0.4724494140625 0.771484375 0.465866638671875 0.757253966796875 0.455121619140625 0.74136321484375 0.455003908203125 0.67121791796875 0.4757909375 0.65305680078125 0.483068591796875 0.52727516796875 0.561086017578125 0.488799603515625 0.58821332421875 0.48900670703125 0.59237853125 0.49861848828125 0.6015625 0.54241377734375 0.6015625 0.61471315234375 0.58735404296875
0 0.3155476328125 0.664213673828125 0.3251993671875 0.656300783203125 0.337890625 0.633948978515625 0.337890625 0.631971240234375 0.26381756640625 0.63142255078125 0.19850562890625 0.63550581640625 0.18937791796875 0.6376427890625 0.188366203125 0.6497144609375 0.196918173828125 0.66588716015625 0.217892888671875 0.673973728515625 0.246384359375 0.677734375 0.2629492265625 0.677734375 0.288091841796875 0.669584931640625 0.3155476328125 0.664213673828125
0 0.244744501953125 0.7381967890625 0.267271201171875 0.7503070546875 0.287671890625 0.75390625 0.33709298828125 0.75390625 0.35342280078125 0.751407978515625 0.38451994921875 0.73575668359375 0.390625 0.723762525390625 0.390625 0.698021998046875 0.383328802734375 0.68784731640625 0.363592046875 0.676209326171875 0.3411948203125 0.6693066015625 0.316175966796875 0.668701404296875 0.287545080078125 0.67180612109375 0.2654974296875 0.678963755859375 0.24455670703125 0.69339578515625 0.234736912109375 0.708154654296875 0.234160822265625 0.722231171875 0.244744501953125 0.7381967890625
0 0.435007240234375 0.634712787109375 0.40395701953125 0.630859375 0.353826490234375 0.630859375 0.35418401171875 0.63644660546875 0.366212576171875 0.6518104140625 0.3786958984375 0.659896546875 0.396786125 0.665697798828125 0.438668392578125 0.665387560546875 0.4638004140625 0.6490367109375 0.466796875 0.645192900390625 0.466796875 0.63703094921875 0.456327630859375 0.635001306640625 0.435007240234375 0.634712787109375
0 0.47115523828125 0.714750244140625 0.480088564453125 0.716796875 0.5363293828125 0.716796875 0.54430338671875 0.715313087890625 0.564673755859375 0.70467737109375 0.57763671875 0.69341108203125 0.580078125 0.681774279296875 0.580078125 0.67420048828125 0.5702293125 0.662051341796875 0.5507848671875 0.647179943359375 0.5257848671875 0.638997072265625 0.491525607421875 0.639010361328125 0.468377458984375 0.642834091796875 0.4470811640625 0.658143591796875 0.438747830078125 0.669999302734375 0.438747830078125 0.68666596875 0.44615523828125 0.698754875 0.47115523828125 0.714750244140625
0 0.632304185546875 0.732253501953125 0.645434134765625 0.734375 0.676717068359375 0.734375 0.685175841796875 0.7333952890625 0.702426392578125 0.7275296015625 0.718628201171875 0.7196165859375 0.732421875 0.704491212890625 0.732421875 0.682173845703125 0.7268575625 0.671311306640625 0.697946400390625 0.652574236328125 0.675452138671875 0.6482032578125 0.64396378515625 0.6483440703125 0.6203053671875 0.655494126953125 0.59341642578125 0.67059107421875 0.581285142578125 0.684611330078125 0.5833294375 0.703315412109375 0.5952298984375 0.716431892578125 0.632304185546875 0.732253501953125
0 0.559391361328125 0.6503388203125 0.5775528203125 0.67151590234375 0.582615892578125 0.6714783984375 0.63254990625 0.651781857421875 0.63671875 0.647452658203125 0.63671875 0.639427005859375 0.629081083984375 0.637977443359375 0.573958419921875 0.6328125 0.53037530078125 0.6328125 0.559391361328125 0.6503388203125