1 0.6328125 0.9013671875 0.1982421875 0.146484375
1 0.3544921875 0.9013671875 0.1748046875 0.142578125
2 0.8486328125 0.4677734375 0.2958984375 0.119140625
2 0.240234375 0.4609375 0.3134765625 0.1376953125
0 0.271484375 0.73828125 0.25390625 0.138671875
2 0.5634765625 0.466796875 0.2939453125 0.1259765625
0 0.474609375 0.6826171875 0.208984375 0.1259765625
0 0.83203125 0.73046875 0.2373046875 0.1328125
0 0.2548828125 0.6298828125 0.1826171875 0.1005859375
0 0.81640625 0.634765625 0.205078125 0.091796875
0 0.6064453125 0.6259765625 0.2021484375 0.0966796875