2 0.115234375 0.3974609375 0.23046875 0.142578125
2 0.46484375 0.34765625 0.234375 0.11767578125
1 0.1572265625 0.1005859375 0.314208984375 0.091796875
0 0.3515625 0.5849609375 0.17578125 0.103759765625
0 0.1787109375 0.5693359375 0.166015625 0.095703125
0 0.3427734375 0.5126953125 0.158447265625 0.072265625
0 0.65625 0.525390625 0.171630859375 0.09033203125
0 0.5166015625 0.564453125 0.169677734375 0.09375
1 0.4755859375 0.0791015625 0.408447265625 0.080322265625
0 0.5205078125 0.4951171875 0.138916015625 0.060302734375
2 0.204474298828125 0.3564425390625 0.2305394609375 0.43073582421875 0.23566533203125 0.435965623046875 0.24004358984375 0.4375 0.25494019140625 0.4375 0.30275921875 0.43498721875 0.331475345703125 0.425900052734375 0.41700275 0.416351005859375 0.426181380859375 0.417812833984375 0.453125 0.410382716796875 0.453125 0.40289644140625 0.44265024609375 0.389173931640625 0.428527318359375 0.380409587890625 0.412241828125 0.375083765625 0.378915490234375 0.35180709765625 0.355750111328125 0.340026388671875 0.343804271484375 0.33828146484375 0.32363306640625 0.324192953125 0.255903673828125 0.33242586328125 0.206122998046875 0.348246041015625 0.204474298828125 0.3564425390625
2 0.615831404296875 0.278729693359375 0.588119212890625 0.28737809765625 0.56877121875 0.3002548984375 0.553026619140625 0.299617466796875 0.5400906640625 0.30316727734375 0.52902584765625 0.309334974609375 0.52566864453125 0.313118490234375 0.525678259765625 0.31441650390625 0.52913773046875 0.324439140625 0.543126927734375 0.338083685546875 0.5533468359375 0.3428466328125 0.5645736875 0.3585539375 0.569199458984375 0.3580673984375 0.583200232421875 0.3732744453125 0.59249712890625 0.376953125 0.6228555625 0.376953125 0.62673032421875 0.3751593046875 0.66558834765625 0.371280703125 0.6988638125 0.3637151171875 0.730225693359375 0.34780248046875 0.76900269921875 0.33298637890625 0.775390625 0.32715525390625 0.775390625 0.32365355078125 0.724400078125 0.311302994140625 0.706780478515625 0.307526845703125 0.67991705078125 0.305765443359375 0.65765625 0.3003925 0.64740162109375 0.2909420546875 0.642771990234375 0.29090776171875 0.64735532421875 0.2846920546875 0.645464892578125 0.27947000390625 0.629704859375 0.27674923828125 0.615831404296875 0.278729693359375