1 0.9194444453125 0.386979166015625 0.912962962890625 0.3484375 0.834259259765625 0.327083333984375 0.82222222265625 0.328125 0.82037037109375 0.422916666015625 0.8268518515625 0.435416666015625 0.853703703125 0.434895833984375 0.87592592578125 0.43125 0.917592591796875 0.428645833984375 0.9194444453125 0.386979166015625
1 0.917592591796875 0.533333333984375 0.914814814453125 0.477083333984375 0.8694444453125 0.4765625 0.831481482421875 0.484375 0.82407407421875 0.488541666015625 0.8194444453125 0.5015625 0.817592591796875 0.594791666015625 0.82037037109375 0.603125 0.82777777734375 0.6046875 0.909259259765625 0.557291666015625 0.914814814453125 0.551041666015625 0.917592591796875 0.533333333984375
2 0.488888888671875 0.386458333984375 0.553703703125 0.3984375 0.563888888671875 0.399479166015625 0.57407407421875 0.397395833984375 0.546296296875 0.331770833984375 0.535185185546875 0.311458333984375 0.528703703125 0.30625 0.489814814453125 0.297916666015625 0.466666666015625 0.2890625 0.442592591796875 0.2859375 0.434259259765625 0.293229166015625 0.408333333984375 0.3046875 0.3981481484375 0.3140625 0.40092592578125 0.334375 0.416666666015625 0.3703125 0.42222222265625 0.3734375 0.44537037109375 0.377083333984375 0.456481482421875 0.376041666015625 0.488888888671875 0.386458333984375
2 0.47777777734375 0.484375 0.50092592578125 0.474479166015625 0.52962962890625 0.470833333984375 0.560185185546875 0.456770833984375 0.546296296875 0.428125 0.536111111328125 0.41875 0.52777777734375 0.397916666015625 0.52222222265625 0.392708333984375 0.487037037109375 0.3875 0.466666666015625 0.380208333984375 0.441203703125 0.378645833984375 0.411111111328125 0.371875 0.408333333984375 0.372916666015625 0.410185185546875 0.394270833984375 0.437962962890625 0.480729166015625 0.4444444453125 0.486979166015625 0.453703703125 0.486979166015625 0.4694444453125 0.482291666015625 0.47777777734375 0.484375
2 0.564814814453125 0.557291666015625 0.5731481484375 0.540104166015625 0.5731481484375 0.5328125 0.562037037109375 0.500520833984375 0.562962962890625 0.469270833984375 0.54907407421875 0.466145833984375 0.5268518515625 0.472916666015625 0.506481482421875 0.476041666015625 0.49722222265625 0.475520833984375 0.482407408203125 0.482291666015625 0.463888888671875 0.483854166015625 0.45277777734375 0.489583333984375 0.438888888671875 0.486979166015625 0.433333333984375 0.4734375 0.425 0.465104166015625 0.416666666015625 0.486458333984375 0.416666666015625 0.513020833984375 0.442592591796875 0.5578125 0.459259259765625 0.558854166015625 0.543518517578125 0.553645833984375 0.556481482421875 0.557291666015625 0.564814814453125 0.557291666015625
2 0.58395092578125 0.632555728515625 0.581481482421875 0.611735416015625 0.57407407421875 0.60063125 0.546296296875 0.578125 0.532407408203125 0.55625 0.510185185546875 0.555729166015625 0.491666666015625 0.558854166015625 0.4805555546875 0.5578125 0.4518518515625 0.560416666015625 0.437962962890625 0.565625 0.437037037109375 0.578645833984375 0.446296296875 0.621354166015625 0.47777777734375 0.665625 0.488888888671875 0.670833333984375 0.535185185546875 0.6296875 0.58395092578125 0.632555728515625
0 0.231481482421875 0.3875 0.246296296875 0.384375 0.271296296875 0.374479166015625 0.283333333984375 0.363020833984375 0.289814814453125 0.3515625 0.287037037109375 0.336458333984375 0.2731481484375 0.3203125 0.2555555546875 0.309895833984375 0.22222222265625 0.302604166015625 0.188888888671875 0.303125 0.161111111328125 0.310416666015625 0.146296296875 0.319270833984375 0.137037037109375 0.341145833984375 0.136111111328125 0.349479166015625 0.14722222265625 0.368229166015625 0.164814814453125 0.375 0.17407407421875 0.38125 0.215740740234375 0.388020833984375 0.231481482421875 0.3875
0 0.22407407421875 0.465625 0.243518517578125 0.450520833984375 0.24907407421875 0.441666666015625 0.24907407421875 0.425 0.235185185546875 0.406770833984375 0.215740740234375 0.396875 0.188888888671875 0.3890625 0.162037037109375 0.3875 0.136111111328125 0.3890625 0.1 0.405729166015625 0.07962962890625 0.422916666015625 0.083333333984375 0.446875 0.092592591796875 0.457291666015625 0.114814814453125 0.468229166015625 0.14722222265625 0.475 0.186111111328125 0.473958333984375 0.22407407421875 0.465625
0 0.2694444453125 0.478645833984375 0.3055555546875 0.477604166015625 0.325 0.471875 0.341666666015625 0.4578125 0.34537037109375 0.446875 0.343518517578125 0.429166666015625 0.332407408203125 0.413541666015625 0.321296296875 0.4078125 0.292592591796875 0.402083333984375 0.263888888671875 0.403125 0.241666666015625 0.410416666015625 0.25092592578125 0.428645833984375 0.25 0.441666666015625 0.243518517578125 0.451041666015625 0.225 0.466666666015625 0.240740740234375 0.472916666015625 0.2694444453125 0.478645833984375
0 0.183333333984375 0.564583333984375 0.2018518515625 0.560416666015625 0.216666666015625 0.554166666015625 0.241666666015625 0.528645833984375 0.24722222265625 0.515625 0.242592591796875 0.502604166015625 0.2268518515625 0.489583333984375 0.182407408203125 0.476041666015625 0.14722222265625 0.4765625 0.125 0.48125 0.1 0.494270833984375 0.088888888671875 0.507291666015625 0.087962962890625 0.522395833984375 0.093518517578125 0.546354166015625 0.106481482421875 0.553645833984375 0.128703703125 0.561458333984375 0.15277777734375 0.565625 0.183333333984375 0.564583333984375
0 0.2768518515625 0.606770833984375 0.29907407421875 0.595833333984375 0.314814814453125 0.574479166015625 0.313888888671875 0.55625 0.303703703125 0.54375 0.288888888671875 0.5359375 0.262037037109375 0.5296875 0.2481481484375 0.529166666015625 0.238888888671875 0.532291666015625 0.22777777734375 0.546354166015625 0.216666666015625 0.554166666015625 0.20092592578125 0.561458333984375 0.167592591796875 0.567708333984375 0.164814814453125 0.571354166015625 0.163888888671875 0.578645833984375 0.168518517578125 0.588541666015625 0.188888888671875 0.602083333984375 0.22222222265625 0.609375 0.246296296875 0.6109375 0.2768518515625 0.606770833984375
0 0.316666666015625 0.58125 0.337962962890625 0.578125 0.359259259765625 0.56875 0.362037037109375 0.5640625 0.361111111328125 0.530729166015625 0.35277777734375 0.521354166015625 0.333333333984375 0.514583333984375 0.29907407421875 0.511979166015625 0.2768518515625 0.515625 0.263888888671875 0.521875 0.260185185546875 0.526041666015625 0.262037037109375 0.529166666015625 0.292592591796875 0.536979166015625 0.310185185546875 0.5484375 0.315740740234375 0.559375 0.316666666015625 0.58125