1 0.1025390625 0.4638671875 0.18359375 0.130859375
1 0.2490234375 0.310546875 0.22265625 0.1083984375
2 0.3779296875 0.560546875 0.1669921875 0.13671875
2 0.57421875 0.37890625 0.181640625 0.1220703125
2 0.6904296875 0.611328125 0.1689453125 0.123046875
0 0.546875 0.60546875 0.12890625 0.0751953125
0 0.6044921875 0.5390625 0.1064453125 0.0634765625
2 0.4892578125 0.4794921875 0.1123046875 0.1376953125
0 0.7958984375 0.451171875 0.1416015625 0.0810546875
0 0.7099609375 0.5107421875 0.1376953125 0.0830078125
0 0.67578125 0.4580078125 0.10546875 0.0625