2 0.5380859375 0.638671875 0.291015625 0.091796875
0 0.4931640625 0.7587890625 0.1328125 0.0810546875
0 0.3369140625 0.763671875 0.1708984375 0.0927734375
0 0.7890625 0.8203125 0.1767578125 0.107421875
0 0.578125 0.3759765625 0.2041015625 0.119140625
2 0.7880859375 0.634765625 0.2353515625 0.0966796875
2 0.3095703125 0.630859375 0.26171875 0.0888671875
2 0.4306640625 0.857421875 0.3046875 0.0791015625
0 0.6171875 0.806640625 0.166015625 0.1044921875
1 0.3232421875 0.4052734375 0.216796875 0.056640625
1 0.7978515625 0.4091796875 0.2763671875 0.064453125
0 0.67578125 0.7587890625 0.154296875 0.076171875