1 0.5302734375 0.32421875 0.271728515625 0.16455078125
2 0.3671875 0.5546875 0.19140625 0.140625
2 0.7236328125 0.5166015625 0.283203125 0.127197265625
1 0.1982421875 0.373046875 0.247802734375 0.18359375
2 0.197265625 0.58984375 0.23095703125 0.1171875
0 0.646484375 0.7060546875 0.167724609375 0.099853515625
0 0.4794921875 0.7392578125 0.173828125 0.103515625
0 0.7861328125 0.6513671875 0.162353515625 0.076416015625
0 0.357421875 0.7109375 0.156005859375 0.073974609375
0 0.59765625 0.6572265625 0.11328125 0.033447265625
2 0.629621431640625 0.597102865234375 0.639775751953125 0.60126953125 0.653691646484375 0.597623697265625 0.657437791015625 0.59189453125 0.6880203515625 0.588248697265625 0.68993007421875 0.580436197265625 0.685358314453125 0.572623697265625 0.673440876953125 0.556477865234375 0.614551986328125 0.506477865234375 0.598934703125 0.489811197265625 0.54062066015625 0.48720703125 0.521141494140625 0.49189453125 0.472954765625 0.497102865234375 0.4589385625 0.514290365234375 0.4588266796875 0.52939453125 0.4643166484375 0.538248697265625 0.459401525390625 0.576790365234375 0.455078125 0.58899333203125 0.455078125 0.609375 0.474545408203125 0.609375 0.503649208984375 0.603352865234375 0.572198591796875 0.599186197265625 0.60180121484375 0.60283203125 0.6101615546875 0.599186197265625 0.6129277578125 0.600748697265625 0.629621431640625 0.597102865234375