2 0.7900390625 0.4951171875 0.20703125 0.142578125
1 0.76953125 0.2890625 0.32421875 0.15625
2 0.609375 0.4873046875 0.22607421875 0.111572265625
1 0.5048828125 0.2451171875 0.364990234375 0.13671875
2 0.3525390625 0.4072265625 0.228759765625 0.11328125
0 0.587890625 0.626953125 0.144775390625 0.08935546875
0 0.7314453125 0.6240234375 0.138427734375 0.068603515625
0 0.4482421875 0.6005859375 0.142578125 0.080078125
0 0.455078125 0.544921875 0.121337890625 0.047119140625
0 0.33203125 0.560546875 0.148193359375 0.078125
0 0.59765625 0.57421875 0.117431640625 0.0390625
2 0.633907767578125 0.3951753046875 0.632710525390625 0.390022568359375 0.556534296875 0.387234669921875 0.50777067578125 0.376751560546875 0.47342207421875 0.375943953125 0.46888269140625 0.3954791328125 0.457598125 0.410152330078125 0.436496689453125 0.432120134765625 0.41678117578125 0.445148986328125 0.404978701171875 0.449939912109375 0.404296875 0.451357970703125 0.404296875 0.46225712890625 0.43038269921875 0.474685951171875 0.45917666796875 0.482421875 0.51066916796875 0.482421875 0.60837385546875 0.421026240234375 0.6175386484375 0.4189812890625 0.633907767578125 0.3951753046875