2 0.884765625 0.3974609375 0.23046875 0.142578125
2 0.53515625 0.34765625 0.234375 0.11767578125
1 0.8427734375 0.1005859375 0.314208984375 0.091796875
0 0.6484375 0.5849609375 0.17578125 0.103759765625
0 0.8212890625 0.5693359375 0.166015625 0.095703125
0 0.6572265625 0.5126953125 0.158447265625 0.072265625
0 0.34375 0.525390625 0.171630859375 0.09033203125
0 0.4833984375 0.564453125 0.169677734375 0.09375
1 0.5244140625 0.0791015625 0.408447265625 0.080322265625
0 0.4794921875 0.4951171875 0.138916015625 0.060302734375
2 0.623657990234375 0.344762490234375 0.589125837890625 0.364907173828125 0.572583650390625 0.368720361328125 0.558010189453125 0.376160689453125 0.54592922265625 0.38987303515625 0.546023044921875 0.39620605078125 0.572868041015625 0.40622880078125 0.582106689453125 0.40561495703125 0.66691949609375 0.4229972265625 0.6950723671875 0.43469705859375 0.754632439453125 0.443336251953125 0.756012197265625 0.44334647265625 0.76196371484375 0.44183963671875 0.767365744140625 0.43709643359375 0.796875 0.366806078125 0.796875 0.36135824609375 0.796263177734375 0.3570945 0.747462625 0.336745349609375 0.680336013671875 0.322311271484375 0.659434974609375 0.334504107421875 0.6474196875 0.33514585546875 0.623657990234375 0.344762490234375
2 0.471947337890625 0.324464216796875 0.474609375 0.316201978515625 0.474609375 0.312511306640625 0.471723572265625 0.30936005078125 0.460519869140625 0.30327466015625 0.44750289453125 0.299820869140625 0.431769869140625 0.300574900390625 0.4121325234375 0.287842130859375 0.384223572265625 0.27939948828125 0.3703038203125 0.277521916015625 0.354601658203125 0.28035927734375 0.352826966796875 0.285595046875 0.35754919140625 0.291776458984375 0.352919560546875 0.291845046875 0.342873263671875 0.3013709375 0.320728203125 0.306908490234375 0.293899498046875 0.308868794921875 0.27636091796875 0.3127752578125 0.2256124609375 0.325508884765625 0.225307435546875 0.32640878125 0.225340982421875 0.328673185546875 0.23223283203125 0.33478786328125 0.271345486328125 0.349315896484375 0.3030661640625 0.36499533984375 0.336515240234375 0.37231401171875 0.375465857421875 0.375904546875 0.377791873046875 0.376953125 0.410953529296875 0.376953125 0.4189612265625 0.373697328125 0.4326263515625 0.358387400390625 0.4372636953125 0.35883964453125 0.448143326171875 0.34305003515625 0.45825906640625 0.33821164453125 0.471947337890625 0.324464216796875