1 0.435546875 0.150390625 0.19921875 0.10546875
2 0.8427734375 0.3544921875 0.21875 0.095458984375
2 0.3603515625 0.376953125 0.1796875 0.113037109375
2 0.5244140625 0.3798828125 0.197509765625 0.099853515625
1 0.7197265625 0.142578125 0.275634765625 0.10498046875
0 0.3779296875 0.515625 0.13671875 0.078125
0 0.5234375 0.5400390625 0.1484375 0.0859375
0 0.671875 0.5380859375 0.15234375 0.08203125
0 0.5283203125 0.4765625 0.130859375 0.05078125
0 0.703125 0.4677734375 0.11328125 0.037353515625
0 0.743922345703125 0.452399482421875 0.7301573203125 0.45087444140625 0.713257115234375 0.4527849609375 0.697827759765625 0.458466220703125 0.683285375 0.473632978515625 0.681640625 0.482756435546875 0.681640625 0.486072119140625 0.6836415390625 0.488313716796875 0.730979259765625 0.506413216796875 0.747019572265625 0.529296875 0.777214 0.529296875 0.786342439453125 0.527713646484375 0.803720369140625 0.52112741015625 0.8170761484375 0.50849123828125 0.8196073359375 0.496968103515625 0.819878935546875 0.478635029296875 0.8193397578125 0.47725276953125 0.80061253515625 0.46071181640625 0.780982943359375 0.453002767578125 0.760875634765625 0.4499694375 0.743922345703125 0.452399482421875
2 0.583665935546875 0.3391376328125 0.593890556640625 0.363270736328125 0.61689444921875 0.39295148828125 0.61471130078125 0.401662337890625 0.608983076171875 0.40596683203125 0.612567259765625 0.409333759765625 0.6157778046875 0.41015625 0.696001162109375 0.41015625 0.71931776953125 0.407646744140625 0.740234375 0.402744685546875 0.740234375 0.38863208203125 0.731634544921875 0.37617026171875 0.728174328125 0.344849595703125 0.736522375 0.3202274375 0.699663802734375 0.3135833984375 0.63920158984375 0.317858591796875 0.616106322265625 0.315265212890625 0.608644666015625 0.316327095703125 0.60315107421875 0.314395001953125 0.5917728359375 0.32092512890625 0.583665935546875 0.3391376328125