1 0.626953125 0.68359375 0.2119140625 0.1455078125
1 0.3955078125 0.69921875 0.1572265625 0.1552734375
0 0.5419921875 0.4580078125 0.169921875 0.09375
2 0.1806640625 0.2763671875 0.220703125 0.0576171875
0 0.2607421875 0.5322265625 0.216796875 0.1044921875
0 0.4306640625 0.5009765625 0.181640625 0.103515625
0 0.7353515625 0.498046875 0.205078125 0.1025390625
2 0.708984375 0.248046875 0.30078125 0.0546875
2 0.4296875 0.265625 0.22265625 0.0517578125
0 0.7236328125 0.44140625 0.1767578125 0.06640625
0 0.23828125 0.470703125 0.1572265625 0.06640625