2 0.6953125 0.5234375 0.1484375 0.11767578125
0 0.5546875 0.6533203125 0.13671875 0.080322265625
1 0.8173828125 0.328125 0.161865234375 0.09375
2 0.5478515625 0.494140625 0.177734375 0.10595703125
2 0.30859375 0.396484375 0.18701171875 0.09716796875
0 0.404296875 0.6318359375 0.15283203125 0.0859375
0 0.275390625 0.5908203125 0.15625 0.084228515625
0 0.3125 0.513671875 0.105712890625 0.06689453125
1 0.5966796875 0.2578125 0.232177734375 0.077880859375
2 0.372072701171875 0.444348904296875 0.41680633984375 0.47570980078125 0.4568427734375 0.4895646796875 0.476898966796875 0.489713244140625 0.477370310546875 0.488198763671875 0.47016386328125 0.48411687109375 0.466085744140625 0.4734419765625 0.504732654296875 0.461671849609375 0.528666828125 0.447457033203125 0.54076914453125 0.446616291015625 0.547514326171875 0.441804275390625 0.5480049765625 0.4324457578125 0.513249626953125 0.4230651875 0.46207064453125 0.390797212890625 0.437914919921875 0.384765625 0.419165068359375 0.384765625 0.41877531640625 0.385078208984375 0.415428921875 0.395830552734375 0.381457685546875 0.424569892578125 0.3671875 0.429282166015625 0.3671875 0.43820047265625 0.372072701171875 0.444348904296875
0 0.386558814453125 0.58535771875 0.409810333984375 0.58373503515625 0.439251265625 0.588110728515625 0.455588505859375 0.59506034375 0.473625125 0.607224982421875 0.4834428828125 0.607297705078125 0.50661240625 0.59409234375 0.5144515703125 0.5855592109375 0.516023658203125 0.572588845703125 0.5064712578125 0.559668833984375 0.482120728515625 0.54612212109375 0.458358541015625 0.539379533203125 0.44453026171875 0.5390625 0.43024452734375 0.5390625 0.40712753125 0.5445105859375 0.394663951171875 0.552847873046875 0.385666912109375 0.56602526953125 0.384765625 0.569049830078125 0.384765625 0.58388144140625 0.386558814453125 0.58535771875
0 0.25390153515625 0.547529302734375 0.29370496875 0.549560419921875 0.31041834375 0.545288552734375 0.311579703125 0.52188066796875 0.300615353515625 0.507025232421875 0.272958560546875 0.494358921875 0.250768244140625 0.49068238671875 0.217425212890625 0.490895134765625 0.199791166015625 0.494623298828125 0.1783593203125 0.507631755859375 0.16796875 0.521307712890625 0.16796875 0.542078693359375 0.167975333984375 0.542967533203125 0.18155016796875 0.558751119140625 0.205143876953125 0.564453125 0.205790771484375 0.564453125 0.2381402265625 0.549220755859375 0.25390153515625 0.547529302734375