1 0.5556640625 0.7275390625 0.252197265625 0.170166015625
1 0.79296875 0.65234375 0.2734375 0.148193359375
2 0.38671875 0.2353515625 0.453369140625 0.162109375
0 0.3701171875 0.4560546875 0.216796875 0.1171875
0 0.1875 0.5322265625 0.23046875 0.1328125
0 0.8369140625 0.4580078125 0.263916015625 0.142333984375
0 0.2890625 0.60546875 0.265869140625 0.152099609375
2 0.125 0.3173828125 0.242431640625 0.126708984375
0 0.7197265625 0.37890625 0.189697265625 0.113037109375
0 0.5849609375 0.4677734375 0.228515625 0.130859375
2 0.7158203125 0.1494140625 0.470703125 0.12109375