2 0.1845703125 0.2392578125 0.3134765625 0.14453125
1 0.4296875 0.4599609375 0.271484375 0.1796875
1 0.7724609375 0.333984375 0.1669921875 0.220703125
2 0.447265625 0.1748046875 0.3330078125 0.1513671875
0 0.91015625 0.5068359375 0.17578125 0.0908203125
2 0.7392578125 0.109375 0.392578125 0.1337890625
0 0.4609375 0.5810546875 0.150390625 0.068359375
0 0.59765625 0.6240234375 0.17578125 0.0966796875
0 0.7451171875 0.5390625 0.1630859375 0.0888671875
0 0.6025390625 0.537109375 0.115234375 0.048828125
0 0.7841796875 0.482421875 0.0966796875 0.04296875