2 0.5712890625 0.6630859375 0.21875 0.15625
1 0.8828125 0.5107421875 0.234375 0.119384765625
0 0.333984375 0.7314453125 0.167724609375 0.09765625
0 0.232421875 0.5419921875 0.124755859375 0.079833984375
1 0.7626953125 0.341796875 0.28125 0.12841796875
0 0.3037109375 0.6279296875 0.130615234375 0.0859375
0 0.1064453125 0.4970703125 0.177490234375 0.095458984375
2 0.37890625 0.396484375 0.183837890625 0.11376953125
2 0.4580078125 0.482421875 0.236572265625 0.10498046875
0 0.1396484375 0.587890625 0.173828125 0.101318359375
2 0.456947982421875 0.64260604296875 0.462885162109375 0.641688859375 0.486182158203125 0.63618830078125 0.49090111328125 0.63269333984375 0.522542046875 0.626941037109375 0.550661576171875 0.61378056640625 0.57959024609375 0.605335541015625 0.587125041015625 0.60036834765625 0.58705389453125 0.56597759375 0.57034666796875 0.53000785546875 0.566695794921875 0.52780587890625 0.54820838671875 0.526167138671875 0.539955083984375 0.522774548828125 0.520567904296875 0.520064697265625 0.484428119140625 0.520461431640625 0.451670900390625 0.517578125 0.390625 0.517578125 0.390625 0.52736440234375 0.390664041015625 0.52837706640625 0.412038435546875 0.562934322265625 0.424771109375 0.6097175703125 0.441581912109375 0.641522353515625 0.45031425 0.642507765625 0.456947982421875 0.64260604296875