2 0.78125 0.5302734375 0.15576171875 0.1171875
2 0.517578125 0.462890625 0.17626953125 0.101318359375
0 0.513671875 0.654296875 0.15185546875 0.0859375
0 0.6708984375 0.6669921875 0.138671875 0.080322265625
1 0.869140625 0.3271484375 0.16796875 0.087890625
2 0.3681640625 0.4267578125 0.19140625 0.095703125
0 0.3779296875 0.6220703125 0.154052734375 0.0859375
0 0.544921875 0.5966796875 0.132568359375 0.06640625
1 0.6298828125 0.26953125 0.228515625 0.07080078125
0 0.3896484375 0.54296875 0.111083984375 0.06640625
2 0.56689685546875 0.50762665625 0.57247204296875 0.507382552734375 0.593433697265625 0.514684052734375 0.647865271484375 0.538775572265625 0.66664061328125 0.552748234375 0.677687431640625 0.554341009765625 0.69166251953125 0.5601719140625 0.7061376875 0.560386361328125 0.717504568359375 0.499475046875 0.7059211875 0.490032546875 0.667083185546875 0.469324658203125 0.642998470703125 0.453125 0.631351267578125 0.453125 0.596921509765625 0.46322564453125 0.5910097734375 0.470232958984375 0.556859671875 0.4857442578125 0.552734375 0.48910139453125 0.552734375 0.49776361328125 0.56689685546875 0.50762665625