2 0.263888888671875 0.384895833984375 0.296296296875 0.38125 0.29907407421875 0.3765625 0.291666666015625 0.367708333984375 0.289814814453125 0.346875 0.30462962890625 0.31875 0.313888888671875 0.313541666015625 0.311111111328125 0.305729166015625 0.266666666015625 0.298958333984375 0.1731481484375 0.308333333984375 0.125 0.309895833984375 0.117592591796875 0.3171875 0.116666666015625 0.331770833984375 0.0731481484375 0.3796875 0.0731481484375 0.3875 0.093518517578125 0.3953125 0.118518517578125 0.399479166015625 0.163888888671875 0.4015625 0.189814814453125 0.399479166015625 0.263888888671875 0.384895833984375
2 0.5268518515625 0.391145833984375 0.521296296875 0.378125 0.52222222265625 0.361458333984375 0.546296296875 0.317708333984375 0.546296296875 0.30625 0.421296296875 0.306770833984375 0.409259259765625 0.309895833984375 0.4 0.306770833984375 0.386111111328125 0.309895833984375 0.3731481484375 0.306770833984375 0.35277777734375 0.3078125 0.346296296875 0.313020833984375 0.342592591796875 0.3375 0.3305555546875 0.3484375 0.312037037109375 0.378645833984375 0.311111111328125 0.386979166015625 0.317592591796875 0.389583333984375 0.384259259765625 0.397916666015625 0.50092592578125 0.401041666015625 0.512962962890625 0.398958333984375 0.5268518515625 0.391145833984375
2 0.709259259765625 0.396875 0.737962962890625 0.389583333984375 0.740740740234375 0.390625 0.790740740234375 0.380729166015625 0.82592592578125 0.370833333984375 0.82592592578125 0.368229166015625 0.7981481484375 0.357291666015625 0.784259259765625 0.346875 0.77592592578125 0.345833333984375 0.77407407421875 0.343229166015625 0.763888888671875 0.340104166015625 0.760185185546875 0.330729166015625 0.768518517578125 0.319270833984375 0.768518517578125 0.314583333984375 0.764814814453125 0.3125 0.7444444453125 0.309375 0.72962962890625 0.309895833984375 0.57037037109375 0.324479166015625 0.563888888671875 0.328125 0.584259259765625 0.3578125 0.586111111328125 0.388541666015625 0.590740740234375 0.401041666015625 0.609259259765625 0.402083333984375 0.709259259765625 0.396875
1 0.3231481484375 0.608854166015625 0.331481482421875 0.610416666015625 0.334259259765625 0.608854166015625 0.339814814453125 0.598958333984375 0.339814814453125 0.583072916015625 0.3518518515625 0.5578125 0.353703703125 0.538020833984375 0.366666666015625 0.505208333984375 0.368518517578125 0.478125 0.365740740234375 0.475520833984375 0.32037037109375 0.471875 0.2944444453125 0.4734375 0.27037037109375 0.471354166015625 0.240740740234375 0.4734375 0.190740740234375 0.5578125 0.171296296875 0.597395833984375 0.17037037109375 0.605729166015625 0.181481482421875 0.608854166015625 0.212037037109375 0.6109375 0.278703703125 0.609895833984375 0.29537037109375 0.611458333984375 0.3231481484375 0.608854166015625
1 0.775 0.469791666015625 0.758333333984375 0.45625 0.7518518515625 0.455208333984375 0.6731481484375 0.476041666015625 0.65462962890625 0.4828125 0.525 0.557291666015625 0.485185185546875 0.583333333984375 0.485185185546875 0.5875 0.496296296875 0.598958333984375 0.508333333984375 0.603125 0.611111111328125 0.5859375 0.775 0.474479166015625 0.775 0.469791666015625
0 0.314814814453125 0.666666666015625 0.325 0.659375 0.339814814453125 0.636979166015625 0.338888888671875 0.632291666015625 0.30462962890625 0.630729166015625 0.2 0.630729166015625 0.190740740234375 0.632291666015625 0.188888888671875 0.644270833984375 0.196296296875 0.6609375 0.216666666015625 0.6703125 0.256481482421875 0.678125 0.287037037109375 0.6703125 0.314814814453125 0.666666666015625
0 0.3518518515625 0.752083333984375 0.383333333984375 0.736979166015625 0.392592591796875 0.719791666015625 0.392592591796875 0.702604166015625 0.383333333984375 0.6890625 0.363888888671875 0.677083333984375 0.341666666015625 0.669791666015625 0.316666666015625 0.66875 0.287962962890625 0.671354166015625 0.265740740234375 0.678125 0.2444444453125 0.6921875 0.234259259765625 0.706770833984375 0.233333333984375 0.720833333984375 0.243518517578125 0.736979166015625 0.265740740234375 0.749479166015625 0.289814814453125 0.754166666015625 0.328703703125 0.755208333984375 0.3518518515625 0.752083333984375
0 0.462962962890625 0.645833333984375 0.467592591796875 0.6390625 0.466666666015625 0.633854166015625 0.45462962890625 0.632291666015625 0.433333333984375 0.633333333984375 0.390740740234375 0.630729166015625 0.3518518515625 0.6328125 0.35277777734375 0.640104166015625 0.365740740234375 0.6546875 0.378703703125 0.661979166015625 0.39722222265625 0.666666666015625 0.437037037109375 0.665104166015625 0.462962962890625 0.645833333984375
0 0.5444444453125 0.714583333984375 0.564814814453125 0.703645833984375 0.57777777734375 0.6921875 0.581481482421875 0.674479166015625 0.57037037109375 0.6609375 0.55092592578125 0.646354166015625 0.52592592578125 0.638541666015625 0.491666666015625 0.6390625 0.468518517578125 0.643229166015625 0.44722222265625 0.658854166015625 0.438888888671875 0.670833333984375 0.438888888671875 0.6875 0.446296296875 0.699479166015625 0.471296296875 0.715104166015625 0.490740740234375 0.719270833984375 0.518518517578125 0.719791666015625 0.5444444453125 0.714583333984375
0 0.7 0.728125 0.716666666015625 0.720833333984375 0.732407408203125 0.705208333984375 0.734259259765625 0.6875 0.72777777734375 0.672916666015625 0.7 0.653125 0.67777777734375 0.647916666015625 0.646296296875 0.646875 0.62222222265625 0.653125 0.5944444453125 0.6671875 0.581481482421875 0.680729166015625 0.582407408203125 0.699479166015625 0.593518517578125 0.713020833984375 0.62962962890625 0.730208333984375 0.6555555546875 0.735416666015625 0.682407408203125 0.733333333984375 0.7 0.728125
0 0.62777777734375 0.6359375 0.560185185546875 0.633854166015625 0.5268518515625 0.6359375 0.559259259765625 0.652604166015625 0.5805555546875 0.673958333984375 0.632407408203125 0.649479166015625 0.638888888671875 0.641666666015625 0.636111111328125 0.636979166015625 0.62777777734375 0.6359375