1 0.697265625 0.4052734375 0.238037109375 0.138427734375
0 0.4169921875 0.5869140625 0.171875 0.095703125
0 0.6533203125 0.6171875 0.189208984375 0.101318359375
0 0.24609375 0.6025390625 0.18359375 0.099609375
1 0.24609375 0.3876953125 0.35107421875 0.165771484375
0 0.541015625 0.5390625 0.13671875 0.07421875
2 0.154296875 0.1337890625 0.304443359375 0.08203125
2 0.4677734375 0.126953125 0.28515625 0.070556640625
2 0.7626953125 0.111328125 0.283447265625 0.078369140625
0 0.7109375 0.541015625 0.17919921875 0.086181640625
0 0.3486328125 0.544921875 0.158447265625 0.070556640625