1 0.90234375 0.5205078125 0.195068359375 0.12109375
1 0.82421875 0.3427734375 0.26171875 0.1484375
2 0.5625 0.6552734375 0.207275390625 0.146728515625
0 0.30078125 0.6005859375 0.12109375 0.084228515625
0 0.1328125 0.4541015625 0.175537109375 0.095458984375
0 0.310546875 0.7041015625 0.16796875 0.095703125
2 0.427734375 0.3701171875 0.17529296875 0.123046875
0 0.1513671875 0.5458984375 0.170166015625 0.099365234375
0 0.251953125 0.505859375 0.12109375 0.078369140625
2 0.4853515625 0.4638671875 0.220458984375 0.09765625
2 0.471411005859375 0.61618995703125 0.481384740234375 0.61897869921875 0.491666677734375 0.618130486328125 0.541847328125 0.606486345703125 0.586051408203125 0.599650318359375 0.591149294921875 0.594258052734375 0.59752590234375 0.562822970703125 0.5910706875 0.540419953125 0.5906341796875 0.523664705078125 0.566995857421875 0.5178288671875 0.55860337890625 0.51828669140625 0.543533650390625 0.50991476953125 0.50394502734375 0.506098298828125 0.4821521328125 0.50039163671875 0.450954482421875 0.495628962890625 0.4161343515625 0.495628962890625 0.4140625 0.499258916015625 0.4140625 0.5110786015625 0.4232229921875 0.53860101171875 0.426726388671875 0.6067903046875 0.43300737890625 0.620296134765625 0.444401982421875 0.62109375 0.454330587890625 0.62109375 0.471411005859375 0.61618995703125