2 0.78125 0.37109375 0.226318359375 0.140380859375
2 0.5576171875 0.359375 0.259521484375 0.12890625
0 0.744140625 0.548828125 0.159912109375 0.09814453125
2 0.2265625 0.3095703125 0.269775390625 0.099853515625
0 0.57421875 0.5703125 0.17236328125 0.10546875
0 0.5810546875 0.494140625 0.161865234375 0.073974609375
0 0.255859375 0.5185546875 0.179443359375 0.092041015625
0 0.4033203125 0.5517578125 0.177490234375 0.095703125
1 0.708984375 0.0625 0.36279296875 0.08203125
1 0.36328125 0.046875 0.44140625 0.07421875
0 0.400390625 0.48046875 0.14404296875 0.06201171875
2 0.45783513671875 0.390625 0.472215591796875 0.38691369921875 0.472957607421875 0.3842457890625 0.453197212890625 0.380552892578125 0.444884177734375 0.381195775390625 0.438906177734375 0.375392818359375 0.43247681640625 0.376412130859375 0.4304841484375 0.374477814453125 0.43470285546875 0.368408404296875 0.445350921875 0.36131968359375 0.447758619140625 0.355912435546875 0.458733669921875 0.353497373046875 0.5136396875 0.315314423828125 0.52457840625 0.31238006640625 0.535117478515625 0.30373345703125 0.5388484921875 0.30396702734375 0.536528841796875 0.29735905078125 0.529808830078125 0.294224 0.5367258828125 0.28690170703125 0.475218662109375 0.2838267421875 0.410577115234375 0.275773119140625 0.37569562890625 0.28160328125 0.375462255859375 0.291541326171875 0.36749715625 0.310430982421875 0.35473204296875 0.327081318359375 0.335501240234375 0.344231669921875 0.322265625 0.365998623046875 0.322265625 0.366402349609375 0.324495423828125 0.37275437109375 0.3455791328125 0.3820880859375 0.36430686328125 0.38429452734375 0.37387055078125 0.388253875 0.38712454296875 0.390625 0.45783513671875 0.390625