2 0.2529296875 0.3369140625 0.185546875 0.138427734375
2 0.255859375 0.4775390625 0.17529296875 0.126953125
2 0.2568359375 0.634765625 0.166259765625 0.171630859375
1 0.58984375 0.583984375 0.28173828125 0.15185546875
1 0.623046875 0.3759765625 0.26904296875 0.099853515625
0 0.93359375 0.4033203125 0.1328125 0.09765625
0 0.8935546875 0.603515625 0.166259765625 0.09033203125
0 0.8310546875 0.4482421875 0.06640625 0.068115234375
0 0.8779296875 0.515625 0.162353515625 0.090087890625
0 0.84375 0.3603515625 0.090087890625 0.091552734375
0 0.81640625 0.556640625 0.05078125 0.05859375