2 0.8740234375 0.2939453125 0.1904296875 0.1416015625
2 0.8896484375 0.447265625 0.1796875 0.1298828125
2 0.904296875 0.6064453125 0.18359375 0.1689453125
1 0.49609375 0.359375 0.2646484375 0.099609375
1 0.5576171875 0.572265625 0.298828125 0.1435546875
0 0.255859375 0.6025390625 0.158203125 0.0908203125
0 0.173828125 0.40625 0.166015625 0.09375
0 0.2626953125 0.515625 0.1630859375 0.0888671875
0 0.28125 0.359375 0.1005859375 0.08984375
0 0.306640625 0.4462890625 0.0771484375 0.0703125
0 0.3291015625 0.5498046875 0.05859375 0.06640625