1 0.1982421875 0.4453125 0.3017578125 0.1318359375
2 0.3994140625 0.640625 0.2314453125 0.162109375
1 0.4111328125 0.32421875 0.34375 0.099609375
0 0.5869140625 0.7529296875 0.162109375 0.0986328125
0 0.92578125 0.5751953125 0.1396484375 0.0966796875
0 0.7412109375 0.7236328125 0.181640625 0.1015625
2 0.74609375 0.435546875 0.2255859375 0.111328125
0 0.859375 0.65625 0.181640625 0.1005859375
0 0.798828125 0.59375 0.130859375 0.0771484375
2 0.560185185546875 0.6390625 0.59907407421875 0.602604166015625 0.6055555546875 0.593229166015625 0.658333333984375 0.558333333984375 0.660185185546875 0.546354166015625 0.653703703125 0.541666666015625 0.586111111328125 0.533333333984375 0.537037037109375 0.522916666015625 0.515740740234375 0.521354166015625 0.5055555546875 0.525520833984375 0.4981481484375 0.520833333984375 0.485185185546875 0.519791666015625 0.442592591796875 0.550520833984375 0.42407407421875 0.577604166015625 0.42592592578125 0.588020833984375 0.487962962890625 0.635416666015625 0.52037037109375 0.652604166015625 0.536111111328125 0.654166666015625 0.5444444453125 0.6515625 0.560185185546875 0.6390625
2 0.542592591796875 0.521875 0.57777777734375 0.5328125 0.60462962890625 0.534375 0.612962962890625 0.5375 0.653703703125 0.5421875 0.659259259765625 0.5484375 0.656481482421875 0.553125 0.659259259765625 0.555208333984375 0.684259259765625 0.546875 0.70462962890625 0.5328125 0.741666666015625 0.4875 0.737037037109375 0.483854166015625 0.7018518515625 0.477083333984375 0.633333333984375 0.455208333984375 0.621296296875 0.449479166015625 0.607407408203125 0.438020833984375 0.60092592578125 0.436979166015625 0.57407407421875 0.445833333984375 0.538888888671875 0.473958333984375 0.4805555546875 0.501041666015625 0.475 0.5046875 0.475 0.508333333984375 0.484259259765625 0.5171875 0.5018518515625 0.519791666015625 0.52592592578125 0.519270833984375 0.542592591796875 0.521875
0 0.711111111328125 0.672395833984375 0.741666666015625 0.671875 0.743518517578125 0.6546875 0.72777777734375 0.632291666015625 0.707407408203125 0.622395833984375 0.689814814453125 0.619270833984375 0.663888888671875 0.6328125 0.6 0.6796875 0.60277777734375 0.686979166015625 0.612037037109375 0.69375 0.65092592578125 0.703645833984375 0.668518517578125 0.688541666015625 0.685185185546875 0.678645833984375 0.711111111328125 0.672395833984375