1 0.8076171875 0.6640625 0.248046875 0.195556640625
0 0.2890625 0.4501953125 0.277587890625 0.14453125
0 0.5126953125 0.373046875 0.220703125 0.12890625
1 0.4873046875 0.669921875 0.201171875 0.19140625
0 0.8994140625 0.431640625 0.200927734375 0.144775390625
0 0.69921875 0.4140625 0.24267578125 0.136474609375
0 0.9072265625 0.3505859375 0.185546875 0.088134765625
0 0.28125 0.3720703125 0.24169921875 0.079833984375
1 0.90234375 0.044921875 0.1953125 0.038818359375
2 0.4765625 0.071718439453125 0.5048871953125 0.073412685546875 0.622700248046875 0.0731580234375 0.632762443359375 0.0758460859375 0.66235146484375 0.077615958984375 0.71263730078125 0.07384369140625 0.734856326171875 0.074651177734375 0.737548521484375 0.076376857421875 0.75340398046875 0.074717513671875 0.75908821484375 0.072449775390625 0.757511484375 0.067139982421875 0.752127091796875 0.063688625 0.727352162109375 0.05855587109375 0.667956048828125 0.059175466796875 0.5966198515625 0.056640625 0.54355899609375 0.056640625 0.533553689453125 0.057394740234375 0.5237501328125 0.056640625 0.49641476953125 0.056640625 0.490855916015625 0.0579700546875 0.4765625 0.06704274609375 0.4765625 0.071718439453125
2 0.38011567578125 0.071853701171875 0.337906130859375 0.064162908203125 0.18812483984375 0.059045896484375 0.154171337890625 0.066362515625 0.1300164921875 0.066142546875 0.1004856875 0.069466939453125 0.041473013671875 0.093843205078125 0.0234375 0.098168865234375 0.0234375 0.099609375 0.18233071484375 0.099609375 0.204113181640625 0.09640229296875 0.245807314453125 0.09474576953125 0.279818083984375 0.088467740234375 0.372947732421875 0.076579517578125 0.380230212890625 0.073930884765625 0.38011567578125 0.071853701171875