1 0.361328125 0.80078125 0.214599609375 0.13671875
2 0.78125 0.4765625 0.37451171875 0.156005859375
2 0.5205078125 0.4013671875 0.400390625 0.161865234375
0 0.3525390625 0.5712890625 0.197509765625 0.111572265625
2 0.25390625 0.3251953125 0.39892578125 0.130859375
0 0.583984375 0.701171875 0.23046875 0.133056640625
1 0.1591796875 0.7236328125 0.220458984375 0.1171875
0 0.1337890625 0.5625 0.2265625 0.120849609375
0 0.6953125 0.640625 0.195556640625 0.109130859375
0 0.5380859375 0.5712890625 0.173583984375 0.080078125
0 0.25 0.4892578125 0.16357421875 0.083740234375