2 0.190345427734375 0.399247564453125 0.264119642578125 0.38208796875 0.296450806640625 0.377313353515625 0.299134138671875 0.372531765625 0.2915495 0.3639415078125 0.28927919921875 0.343185494140625 0.303527513671875 0.31456059765625 0.3125 0.309141767578125 0.3125 0.30855598828125 0.309746763671875 0.301321494140625 0.271743837890625 0.296875 0.259488771484375 0.296875 0.17184883984375 0.3087389140625 0.123736525390625 0.31198080859375 0.11647631640625 0.319526546875 0.1158435078125 0.3341333125 0.07421875 0.382463318359375 0.07421875 0.39161351953125 0.093974279296875 0.39844412890625 0.10880605859375 0.400390625 0.18044062890625 0.400390625 0.190345427734375 0.399247564453125
2 0.524549818359375 0.3946781875 0.519549896484375 0.3814713984375 0.52118005859375 0.364847201171875 0.54296875 0.328776658203125 0.54296875 0.31037119140625 0.4226551171875 0.30667075 0.410496328125 0.309373759765625 0.403264234375 0.306640625 0.397590919921875 0.306640625 0.387368265625 0.30856590234375 0.380465416015625 0.306640625 0.35237658203125 0.306640625 0.347455802734375 0.31029948046875 0.34271978515625 0.3346344765625 0.33023051171875 0.345145228515625 0.31045017578125 0.374688873046875 0.30917253515625 0.382984814453125 0.315538228515625 0.385813595703125 0.38179453125 0.396468484375 0.445267255859375 0.400390625 0.513467177734375 0.400390625 0.524549818359375 0.3946781875
2 0.738754375 0.3900801875 0.789203759765625 0.38206731640625 0.82421875 0.373652060546875 0.82421875 0.3705535625 0.797827640625 0.35892184765625 0.784502953125 0.34798997265625 0.776235556640625 0.34663608203125 0.774522533203125 0.34396394140625 0.76451485546875 0.34045843359375 0.76130687890625 0.33094997265625 0.77022847265625 0.3198113046875 0.770473796875 0.31512659375 0.766884203125 0.31290545703125 0.75464265234375 0.310546875 0.7027899375 0.310546875 0.572079298828125 0.31757776953125 0.565415890625 0.320978109375 0.58420462109375 0.351412673828125 0.5844456953125 0.382193072265625 0.588414779296875 0.3948594375 0.605671169921875 0.396484375 0.614535556640625 0.396484375 0.706988939453125 0.395144607421875 0.736034921875 0.388934859375 0.738754375 0.3900801875
1 0.23736803515625 0.609375 0.3338540078125 0.609375 0.338677771484375 0.601346654296875 0.33911456640625 0.585470912109375 0.35184195703125 0.560645970703125 0.35423736328125 0.540930990234375 0.3671875 0.510715314453125 0.3671875 0.478796607421875 0.322734505859375 0.473662134765625 0.296774708984375 0.474318880859375 0.272766361328125 0.471396642578125 0.243089833984375 0.4724446484375 0.19078733984375 0.555023275390625 0.17026130859375 0.59390389453125 0.1691065703125 0.6021998359375 0.180127857421875 0.605710703125 0.2106154140625 0.608859142578125 0.23736803515625 0.609375
1 0.484375 0.58210303125 0.49103548828125 0.590127283203125 0.4993600546875 0.59375 0.51917696875 0.59375 0.606515796875 0.586002380859375 0.77521558203125 0.489408146484375 0.7752894765625 0.47943248046875 0.763308171875 0.468055384765625 0.756926185546875 0.466516775390625 0.6768476640625 0.481216931640625 0.657861482421875 0.48653914453125 0.52286884765625 0.550798013671875 0.484375 0.5719278984375 0.484375 0.58210303125
0 0.3359375 0.643433740234375 0.3359375 0.633552359375 0.304395919921875 0.631560732421875 0.264220380859375 0.630859375 0.1923318125 0.630859375 0.1905002578125 0.631135357421875 0.188351142578125 0.6430803828125 0.19534215234375 0.659873787109375 0.215473736328125 0.66960287109375 0.25333846484375 0.677734375 0.256665671875 0.677734375 0.285824291015625 0.67083100390625 0.313684876953125 0.667670513671875 0.32404845703125 0.66055771484375 0.3359375 0.643433740234375
0 0.243696111328125 0.73607651953125 0.265792244140625 0.748799478515625 0.289818673828125 0.753728720703125 0.328696203125 0.755161048828125 0.351875212890625 0.752268669921875 0.38350770703125 0.7374811171875 0.390625 0.72458169921875 0.390625 0.699482962890625 0.3839890859375 0.689565552734375 0.3646654296875 0.677391322265625 0.34251697265625 0.66987657421875 0.317528013671875 0.668583779296875 0.288798810546875 0.6708995234375 0.266509078125 0.677446955078125 0.245072 0.691295185546875 0.23474054296875 0.70577586328125 0.233673365234375 0.719828736328125 0.243696111328125 0.73607651953125
0 0.43839448828125 0.666015625 0.46312284765625 0.648662826171875 0.46484375 0.64626344140625 0.46484375 0.636452185546875 0.4550271171875 0.63485784765625 0.43371588671875 0.635211962890625 0.393576087890625 0.631459083984375 0.385940017578125 0.63134595703125 0.352255904296875 0.632062345703125 0.353054431640625 0.639380890625 0.36576090625 0.654376482421875 0.37859463671875 0.66208340234375 0.39231509375 0.666015625 0.43839448828125 0.666015625
0 0.469151568359375 0.711812443359375 0.488298830078125 0.717183806640625 0.505109068359375 0.718551021484375 0.52346005859375 0.71841508984375 0.542191810546875 0.7158546484375 0.563205224609375 0.70620858203125 0.5768579296875 0.695580701171875 0.580078125 0.68388088671875 0.580078125 0.675944974609375 0.57141371484375 0.663928697265625 0.552916107421875 0.648160658203125 0.528451330078125 0.638803974609375 0.49422533984375 0.63718716015625 0.47086175390625 0.63990214453125 0.44863184765625 0.65416896875 0.439567400390625 0.665605419921875 0.43852794921875 0.682240099609375 0.44517403515625 0.694658251953125 0.469151568359375 0.711812443359375
0 0.628381232421875 0.728183359375 0.645000998046875 0.732421875 0.6878397109375 0.732421875 0.698787935546875 0.72978578125 0.715718423828125 0.723376375 0.73046875 0.710016458984375 0.73046875 0.680748345703125 0.728621783203125 0.676106884765625 0.701603544921875 0.65488856640625 0.67959007421875 0.648524349609375 0.648166435546875 0.645836498046875 0.6238720546875 0.6508179921875 0.595582880859375 0.663407443359375 0.5821192578125 0.676252123046875 0.58234073046875 0.695024884765625 0.59293685546875 0.709129505859375 0.628381232421875 0.728183359375
0 0.626842541015625 0.63505851171875 0.5592105 0.63365426953125 0.525958080078125 0.63607242578125 0.558889921875 0.652413138671875 0.577091732421875 0.669921875 0.588279744140625 0.669921875 0.631907189453125 0.64855335546875 0.634765625 0.64493716015625 0.634765625 0.635965990234375 0.626842541015625 0.63505851171875