0 0.73954720703125 0.671949046875 0.76369508984375 0.677734375 0.794589462890625 0.677734375 0.814063806640625 0.676134064453125 0.841268546875 0.665883349609375 0.84762228515625 0.648740568359375 0.8488826640625 0.609514865234375 0.82780428515625 0.598985845703125 0.797119486328125 0.59375 0.777942880859375 0.59375 0.771803142578125 0.59402860546875 0.739912693359375 0.603563138671875 0.722111857421875 0.61576578125 0.716796875 0.624199353515625 0.716796875 0.64807745703125 0.73954720703125 0.671949046875
0 0.691484259765625 0.63962651171875 0.673639296875 0.624093978515625 0.644483490234375 0.612661013671875 0.615925025390625 0.6085581796875 0.588842103515625 0.612874177734375 0.563258126953125 0.62508888671875 0.549629142578125 0.639493923828125 0.547090263671875 0.65047484375 0.54715473828125 0.659179025390625 0.548458865234375 0.66549990234375 0.560660109375 0.68282215625 0.577837515625 0.6925849140625 0.6091168359375 0.701171875 0.638964208984375 0.701171875 0.66393421484375 0.69553126171875 0.68584153125 0.682602595703125 0.69660184765625 0.67013266015625 0.69921875 0.652737736328125 0.69921875 0.652497390625 0.691484259765625 0.63962651171875
0 0.679792669921875 0.619140625 0.690104763671875 0.6135784453125 0.69524667578125 0.60759173828125 0.699774078125 0.59791340625 0.69938159765625 0.580648201171875 0.679522189453125 0.574327255859375 0.602680359375 0.563954822265625 0.582675025390625 0.564251197265625 0.576310359375 0.56706555078125 0.5700696171875 0.575081765625 0.568359375 0.587544513671875 0.568359375 0.594618322265625 0.571426947265625 0.602850837890625 0.580784279296875 0.6127726484375 0.606049775390625 0.60998626953125 0.637378005859375 0.61223715234375 0.65832177734375 0.619140625 0.679792669921875 0.619140625
0 0.5170655390625 0.61611825390625 0.485192091796875 0.60730265234375 0.4646843984375 0.60827351171875 0.422255228515625 0.6168908046875 0.401954703125 0.627800099609375 0.396716615234375 0.636676787109375 0.396907994140625 0.649594783203125 0.402783365234375 0.667553828125 0.415148134765625 0.67637578515625 0.4449481484375 0.688158779296875 0.4616886640625 0.69140625 0.49459935546875 0.69140625 0.5194770078125 0.6852419609375 0.536045435546875 0.67455638671875 0.5442637734375 0.6637251953125 0.544848451171875 0.642883822265625 0.53655514453125 0.629165458984375 0.5170655390625 0.61611825390625
0 0.467376240234375 0.58271722265625 0.44149686328125 0.567924494140625 0.411206662109375 0.562667146484375 0.381425283203125 0.563197861328125 0.358580205078125 0.57060039453125 0.343745853515625 0.58288003125 0.34023143359375 0.60000185546875 0.340324849609375 0.60630751171875 0.34487617578125 0.6184847265625 0.351774767578125 0.625875392578125 0.36336676953125 0.632631857421875 0.388009095703125 0.638671875 0.39026158203125 0.638671875 0.396917953125 0.631386236328125 0.41148835546875 0.6227385546875 0.47380327734375 0.609386087890625 0.474609375 0.598294080078125 0.474609375 0.597922060546875 0.467376240234375 0.58271722265625
0 0.483786158203125 0.595703125 0.497181953125 0.593075306640625 0.51456361328125 0.582051013671875 0.51996167578125 0.57404938671875 0.52062587890625 0.561004169921875 0.50849576171875 0.55673961328125 0.42690666796875 0.553857599609375 0.410252001953125 0.554959775390625 0.404296875 0.559703150390625 0.404296875 0.565094244140625 0.404916732421875 0.566084498046875 0.432712884765625 0.566156099609375 0.456015880859375 0.57315598046875 0.46916602734375 0.582072869140625 0.4771173046875 0.595703125 0.483786158203125 0.595703125
1 0.75052966796875 0.31092715234375 0.76063462890625 0.3088337421875 0.7764423125 0.289237171875 0.7762316640625 0.284556095703125 0.78166473046875 0.281664744140625 0.783854640625 0.268516376953125 0.797929322265625 0.251617322265625 0.801828828125 0.235251322265625 0.800170248046875 0.23046875 0.730547359375 0.23046875 0.721926375 0.231617021484375 0.656156623046875 0.232977146484375 0.57421875 0.307933341796875 0.57421875 0.314453125 0.677489263671875 0.314453125 0.75052966796875 0.31092715234375
1 0.492394794921875 0.305198685546875 0.51326780859375 0.29331490625 0.538533060546875 0.274979220703125 0.549226953125 0.26355315234375 0.565570853515625 0.25447903125 0.57169652734375 0.2448219765625 0.57044530078125 0.23046875 0.443454056640625 0.23046875 0.43677416015625 0.2310831953125 0.28515625 0.301791556640625 0.28515625 0.308429806640625 0.43006843359375 0.30950323046875 0.45268188671875 0.30906919921875 0.492394794921875 0.305198685546875
2 0.7070201484375 0.5250795703125 0.71797990625 0.528781798828125 0.7373350234375 0.53135980078125 0.753704443359375 0.5384735 0.77315318359375 0.538971025390625 0.793740255859375 0.54296875 0.8047445390625 0.54296875 0.80823357421875 0.5423728359375 0.826300392578125 0.532371048828125 0.865478740234375 0.527124662109375 0.87545447265625 0.511485548828125 0.87155496484375 0.495119546875 0.8765657421875 0.466186689453125 0.862022947265625 0.459690025390625 0.7294658359375 0.431640625 0.706489314453125 0.431640625 0.70530856640625 0.439489208984375 0.709325103515625 0.45325461328125 0.707815939453125 0.507395505859375 0.705477234375 0.51446800390625 0.705519390625 0.520159212890625 0.7070201484375 0.5250795703125
2 0.59163971484375 0.520798291015625 0.65042918359375 0.53160422265625 0.67129380859375 0.533203125 0.68700187890625 0.533203125 0.695848314453125 0.532775705078125 0.7021919765625 0.529520755859375 0.7038439296875 0.5247964765625 0.702896048828125 0.458619529296875 0.656992201171875 0.445990767578125 0.63106673828125 0.445990931640625 0.619231091796875 0.443359375 0.59156730859375 0.443359375 0.586000123046875 0.453152015625 0.55956815625 0.463065703125 0.538246515625 0.484343642578125 0.513671875 0.50204276171875 0.513671875 0.51582559375 0.59163971484375 0.520798291015625
2 0.400390625 0.4964081328125 0.4221738515625 0.50608392578125 0.433211974609375 0.507378560546875 0.45215702734375 0.5144501484375 0.4803211796875 0.51953125 0.482164234375 0.51953125 0.491693560546875 0.519305748046875 0.499440716796875 0.515146380859375 0.510961953125 0.49819166796875 0.524368802734375 0.492861142578125 0.545924609375 0.47817560546875 0.55110308984375 0.471224646484375 0.575348115234375 0.457772005859375 0.581930998046875 0.4566654375 0.5896455859375 0.45058027734375 0.58973178515625 0.4389433984375 0.52324946484375 0.435321498046875 0.46928445703125 0.423828125 0.437779228515625 0.423828125 0.435024837890625 0.423925279296875 0.431893638671875 0.428407591796875 0.4335783515625 0.442629603515625 0.4227392265625 0.462766294921875 0.400390625 0.486317068359375 0.400390625 0.4964081328125
2 0.418158181640625 0.4622325 0.417118009765625 0.458100685546875 0.4225140859375 0.452181125 0.421330705078125 0.442844150390625 0.405366345703125 0.435065236328125 0.34944359765625 0.4229501640625 0.325335001953125 0.4222287890625 0.323426515625 0.4202113515625 0.318870115234375 0.422975505859375 0.31509610546875 0.420502181640625 0.309556818359375 0.421216583984375 0.305057705078125 0.42606280078125 0.310682916015625 0.428471494140625 0.313688857421875 0.43670280859375 0.309146779296875 0.4399874765625 0.281679486328125 0.451887744140625 0.26417898828125 0.4556248125 0.219254162109375 0.472823697265625 0.216796875 0.4751787734375 0.216796875 0.478958115234375 0.2175891328125 0.47965503515625 0.297806650390625 0.49925819140625 0.369443173828125 0.50390625 0.38222634375 0.50390625 0.409389087890625 0.480253189453125 0.418158181640625 0.4622325