2 0.125 0.492708333984375 0.15 0.4984375 0.187037037109375 0.497916666015625 0.242592591796875 0.480729166015625 0.27777777734375 0.4625 0.2981481484375 0.4390625 0.331481482421875 0.416145833984375 0.338888888671875 0.4078125 0.332407408203125 0.403125 0.3055555546875 0.402083333984375 0.289814814453125 0.395833333984375 0.260185185546875 0.3796875 0.25277777734375 0.371875 0.24537037109375 0.355729166015625 0.237962962890625 0.3515625 0.233333333984375 0.3515625 0.187037037109375 0.3625 0.1018518515625 0.417708333984375 0.0731481484375 0.428645833984375 0.068518517578125 0.4328125 0.07407407421875 0.444270833984375 0.081481482421875 0.449479166015625 0.096296296875 0.4546875 0.110185185546875 0.466666666015625 0.125 0.492708333984375
2 0.3555555546875 0.409895833984375 0.364814814453125 0.409895833984375 0.431481482421875 0.394270833984375 0.506481482421875 0.365104166015625 0.557407408203125 0.339583333984375 0.565740740234375 0.324479166015625 0.558333333984375 0.31875 0.54722222265625 0.315625 0.4694444453125 0.2796875 0.4518518515625 0.261979166015625 0.440740740234375 0.259375 0.3944444453125 0.279166666015625 0.2694444453125 0.341666666015625 0.268518517578125 0.345833333984375 0.27222222265625 0.348958333984375 0.292592591796875 0.353645833984375 0.3018518515625 0.359375 0.34722222265625 0.405729166015625 0.3555555546875 0.409895833984375
2 0.567592591796875 0.286458333984375 0.638888888671875 0.3046875 0.65 0.300520833984375 0.67592592578125 0.28125 0.712962962890625 0.266666666015625 0.740740740234375 0.2515625 0.787962962890625 0.202083333984375 0.811111111328125 0.185416666015625 0.814814814453125 0.178125 0.810185185546875 0.1734375 0.796296296875 0.1796875 0.717592591796875 0.184375 0.641666666015625 0.177604166015625 0.62222222265625 0.181770833984375 0.592592591796875 0.200520833984375 0.513888888671875 0.255208333984375 0.484259259765625 0.272916666015625 0.493518517578125 0.275520833984375 0.52592592578125 0.278125 0.543518517578125 0.283333333984375 0.567592591796875 0.286458333984375
0 0.766666666015625 0.778645833984375 0.80462962890625 0.7640625 0.818518517578125 0.756770833984375 0.825 0.75 0.8305555546875 0.7375 0.8305555546875 0.722916666015625 0.82592592578125 0.711979166015625 0.806481482421875 0.694791666015625 0.791666666015625 0.686458333984375 0.77222222265625 0.680208333984375 0.753703703125 0.677083333984375 0.69907407421875 0.680208333984375 0.661111111328125 0.696875 0.6481481484375 0.715104166015625 0.6481481484375 0.740104166015625 0.660185185546875 0.756770833984375 0.6768518515625 0.7703125 0.714814814453125 0.7796875 0.742592591796875 0.78125 0.766666666015625 0.778645833984375
0 0.867592591796875 0.66875 0.8944444453125 0.663020833984375 0.92037037109375 0.652083333984375 0.934259259765625 0.638541666015625 0.937962962890625 0.6203125 0.933333333984375 0.6046875 0.921296296875 0.591145833984375 0.893518517578125 0.5765625 0.858333333984375 0.5765625 0.84907407421875 0.573958333984375 0.837962962890625 0.573958333984375 0.818518517578125 0.578125 0.784259259765625 0.593229166015625 0.77037037109375 0.608854166015625 0.77037037109375 0.627083333984375 0.781481482421875 0.648958333984375 0.79722222265625 0.657291666015625 0.813888888671875 0.659375 0.834259259765625 0.665104166015625 0.867592591796875 0.66875
0 0.981481482421875 0.618229166015625 0.99907407421875 0.6140625 0.99907407421875 0.521354166015625 0.991666666015625 0.5203125 0.966666666015625 0.523958333984375 0.938888888671875 0.534895833984375 0.92037037109375 0.550520833984375 0.915740740234375 0.563541666015625 0.918518517578125 0.585416666015625 0.932407408203125 0.6 0.95277777734375 0.6109375 0.960185185546875 0.611458333984375 0.9731481484375 0.6171875 0.981481482421875 0.618229166015625
0 0.631481482421875 0.723958333984375 0.639814814453125 0.7203125 0.64722222265625 0.713020833984375 0.661111111328125 0.689583333984375 0.662037037109375 0.681770833984375 0.656481482421875 0.668229166015625 0.643518517578125 0.654166666015625 0.62962962890625 0.6578125 0.543518517578125 0.6984375 0.512962962890625 0.708333333984375 0.510185185546875 0.713020833984375 0.52037037109375 0.720833333984375 0.534259259765625 0.728645833984375 0.55462962890625 0.733854166015625 0.592592591796875 0.733854166015625 0.631481482421875 0.723958333984375
0 0.75092592578125 0.651041666015625 0.761111111328125 0.640625 0.765740740234375 0.6234375 0.758333333984375 0.6078125 0.75462962890625 0.605729166015625 0.7481481484375 0.60625 0.6555555546875 0.646354166015625 0.653703703125 0.647916666015625 0.657407408203125 0.652083333984375 0.687962962890625 0.6609375 0.7 0.6625 0.7305555546875 0.658854166015625 0.75092592578125 0.651041666015625
0 0.916666666015625 0.549479166015625 0.910185185546875 0.540625 0.90092592578125 0.5390625 0.82037037109375 0.573958333984375 0.82037037109375 0.577604166015625 0.837037037109375 0.573958333984375 0.863888888671875 0.577083333984375 0.907407408203125 0.577604166015625 0.916666666015625 0.558333333984375 0.916666666015625 0.549479166015625
1 0.533333333984375 0.672395833984375 0.643518517578125 0.622916666015625 0.6444444453125 0.6125 0.6194444453125 0.596875 0.616666666015625 0.591666666015625 0.606481482421875 0.588020833984375 0.587962962890625 0.570833333984375 0.546296296875 0.546875 0.4768518515625 0.5 0.47037037109375 0.499479166015625 0.457407408203125 0.505208333984375 0.44907407421875 0.505729166015625 0.437037037109375 0.513020833984375 0.425 0.515625 0.413888888671875 0.522395833984375 0.393518517578125 0.528645833984375 0.364814814453125 0.543229166015625 0.360185185546875 0.549479166015625 0.37037037109375 0.560416666015625 0.487037037109375 0.673958333984375 0.4981481484375 0.680729166015625 0.50462962890625 0.68125 0.533333333984375 0.672395833984375
1 0.786111111328125 0.540625 0.8018518515625 0.5328125 0.860185185546875 0.488541666015625 0.8768518515625 0.471354166015625 0.837037037109375 0.33125 0.8305555546875 0.326041666015625 0.7981481484375 0.320833333984375 0.791666666015625 0.321875 0.735185185546875 0.384375 0.733333333984375 0.405208333984375 0.742592591796875 0.530208333984375 0.74722222265625 0.534895833984375 0.757407408203125 0.535416666015625 0.77222222265625 0.540625 0.786111111328125 0.540625