2 0.7666015625 0.2294921875 0.30078125 0.130615234375
2 0.4921875 0.234375 0.23388671875 0.132568359375
1 0.40234375 0.5712890625 0.125 0.092041015625
2 0.236328125 0.2431640625 0.23779296875 0.134765625
1 0.6015625 0.568359375 0.140869140625 0.097412109375
0 0.3056640625 0.462890625 0.1875 0.09765625
0 0.4580078125 0.41796875 0.162109375 0.09423828125
0 0.2822265625 0.38671875 0.142822265625 0.06640625
0 0.7275390625 0.447265625 0.181640625 0.097900390625
0 0.734375 0.37890625 0.163818359375 0.06298828125
0 0.56640625 0.3779296875 0.163818359375 0.05859375