0 0.76171875 0.421875 0.16455078125 0.093505859375
2 0.37890625 0.6259765625 0.198974609375 0.130615234375
1 0.09765625 0.326171875 0.1953125 0.160400390625
1 0.0576171875 0.5 0.115234375 0.12548828125
0 0.6220703125 0.666015625 0.157958984375 0.089599609375
0 0.755859375 0.5087890625 0.16015625 0.092041015625
0 0.6552734375 0.474609375 0.11328125 0.077880859375
2 0.47265625 0.3330078125 0.18798828125 0.119140625
0 0.71875 0.59765625 0.171875 0.09375
2 0.4296875 0.443359375 0.20361328125 0.097900390625
2 0.37445168359375 0.576990748046875 0.4025913828125 0.582536001953125 0.46765890234375 0.584731693359375 0.4697017421875 0.5859375 0.49112241796875 0.5859375 0.493691638671875 0.5857139375 0.49727561328125 0.583403611328125 0.5 0.55615115234375 0.5 0.54995911328125 0.4968507890625 0.50831656640625 0.5 0.48974586328125 0.5 0.467230703125 0.496958001953125 0.463686251953125 0.471104701171875 0.46349474609375 0.38045031640625 0.483767376953125 0.365577453125 0.488869234375 0.355714453125 0.489485224609375 0.333981546875 0.4991885 0.32782412890625 0.50531090234375 0.324481203125 0.54568458203125 0.3380762421875 0.57352472265625 0.37445168359375 0.576990748046875
0 0.570377388671875 0.602446826171875 0.58471461328125 0.60546875 0.629597341796875 0.60546875 0.63112574609375 0.587370228515625 0.638075875 0.574063013671875 0.6476385 0.5655373828125 0.673828125 0.554933408203125 0.673828125 0.5507707421875 0.673241283203125 0.54871232421875 0.66242776953125 0.539996294921875 0.63691752734375 0.527640138671875 0.613874365234375 0.524229701171875 0.586022625 0.525862849609375 0.58117769140625 0.531947470703125 0.56662306640625 0.577300484375 0.5625 0.5949154453125 0.5625 0.59609740625 0.570377388671875 0.602446826171875