2 0.306640625 0.4833984375 0.171630859375 0.115478515625
1 0.2607421875 0.2958984375 0.232421875 0.111572265625
0 0.396484375 0.603515625 0.128662109375 0.07421875
2 0.6904296875 0.3837890625 0.197265625 0.095458984375
1 0.4833984375 0.240234375 0.28125 0.09765625
2 0.5419921875 0.41796875 0.19140625 0.097412109375
0 0.5458984375 0.5927734375 0.134765625 0.076416015625
0 0.498046875 0.5419921875 0.11376953125 0.056884765625
0 0.66796875 0.5625 0.133056640625 0.07763671875
0 0.7001953125 0.505859375 0.131103515625 0.066650390625
0 0.6220703125 0.4931640625 0.072021484375 0.04296875
2 0.430651193359375 0.505029888671875 0.544921875 0.468702373046875 0.544921875 0.45874137890625 0.53735673046875 0.453239787109375 0.496990501953125 0.432888625 0.4837894140625 0.422469837890625 0.44771455078125 0.407149494140625 0.393757404296875 0.42177254296875 0.36754669921875 0.438019240234375 0.368631080078125 0.449067306640625 0.40209331640625 0.5078125 0.4087370078125 0.5078125 0.430651193359375 0.505029888671875