1 0.6689453125 0.35546875 0.131103515625 0.10205078125
1 0.462890625 0.357421875 0.156005859375 0.105224609375
2 0.3779296875 0.482421875 0.142333984375 0.078125
2 0.7314453125 0.486328125 0.146240234375 0.0859375
0 0.6376953125 0.6083984375 0.109375 0.064453125
0 0.52734375 0.611328125 0.10986328125 0.05908203125
2 0.609375 0.4931640625 0.140869140625 0.076416015625
2 0.5009765625 0.484375 0.122802734375 0.08203125
0 0.412109375 0.603515625 0.11328125 0.06591796875
0 0.724609375 0.5830078125 0.105712890625 0.052978515625
0 0.4833984375 0.576171875 0.099853515625 0.04296875
0 0.60546875 0.5712890625 0.10205078125 0.033203125