1 0.4443359375 0.7275390625 0.2529296875 0.1708984375
1 0.20703125 0.65234375 0.2734375 0.1474609375
2 0.61328125 0.2353515625 0.4541015625 0.162109375
0 0.6298828125 0.4560546875 0.216796875 0.1171875
0 0.8125 0.5322265625 0.23046875 0.1328125
0 0.1630859375 0.4580078125 0.2646484375 0.1416015625
0 0.7109375 0.60546875 0.2666015625 0.1513671875
2 0.875 0.3173828125 0.2431640625 0.1259765625
0 0.2802734375 0.37890625 0.1904296875 0.1123046875
0 0.4150390625 0.4677734375 0.228515625 0.130859375
2 0.2841796875 0.1494140625 0.470703125 0.12109375