1 0.6962890625 0.4443359375 0.228271484375 0.1484375
1 0.259765625 0.4267578125 0.33935546875 0.16796875
2 0.7734375 0.181640625 0.28515625 0.097900390625
0 0.421875 0.611328125 0.164306640625 0.093505859375
0 0.650390625 0.64453125 0.18310546875 0.097412109375
2 0.1630859375 0.19921875 0.3203125 0.097412109375
2 0.484375 0.193359375 0.281494140625 0.09033203125
0 0.255859375 0.626953125 0.179443359375 0.097412109375
0 0.70703125 0.5732421875 0.171630859375 0.068359375
0 0.537109375 0.572265625 0.1328125 0.0546875
0 0.3525390625 0.578125 0.150634765625 0.05517578125