0 0.548828125 0.5205078125 0.1005859375 0.0556640625
0 0.3408203125 0.521484375 0.1005859375 0.056640625
0 0.263671875 0.4990234375 0.095703125 0.0556640625
1 0.3154296875 0.2646484375 0.11328125 0.052734375
2 0.2646484375 0.3984375 0.126953125 0.060546875
2 0.462890625 0.400390625 0.107421875 0.05859375
0 0.443359375 0.525390625 0.1015625 0.05078125
1 0.494140625 0.263671875 0.123046875 0.0556640625
2 0.5712890625 0.400390625 0.119140625 0.05078125
0 0.482421875 0.4931640625 0.087890625 0.041015625
2 0.3671875 0.4052734375 0.123046875 0.05078125
0 0.392592591796875 0.514583333984375 0.418518517578125 0.4953125 0.416666666015625 0.479166666015625 0.410185185546875 0.472395833984375 0.393518517578125 0.465625 0.37777777734375 0.463541666015625 0.3518518515625 0.465625 0.331481482421875 0.4734375 0.325 0.4796875 0.32407407421875 0.488541666015625 0.3268518515625 0.491145833984375 0.35277777734375 0.491666666015625 0.365740740234375 0.494791666015625 0.383333333984375 0.504166666015625 0.392592591796875 0.514583333984375