2 0.2431640625 0.6396484375 0.2255859375 0.16015625
0 0.681640625 0.650390625 0.1611328125 0.0927734375
1 0.265625 0.34765625 0.3388671875 0.1064453125
2 0.587890625 0.443359375 0.2236328125 0.1142578125
1 0.1015625 0.4560546875 0.203125 0.138671875
0 0.42578125 0.7392578125 0.1533203125 0.0927734375
0 0.7685546875 0.5771484375 0.1630859375 0.0888671875
0 0.51171875 0.6533203125 0.1328125 0.076171875
0 0.6328125 0.5908203125 0.1201171875 0.072265625
2 0.3731481484375 0.649479166015625 0.389814814453125 0.644270833984375 0.414814814453125 0.625520833984375 0.443518517578125 0.597395833984375 0.489814814453125 0.563541666015625 0.491666666015625 0.55625 0.488888888671875 0.55 0.481481482421875 0.546875 0.4518518515625 0.541666666015625 0.392592591796875 0.526041666015625 0.381481482421875 0.525520833984375 0.367592591796875 0.527604166015625 0.363888888671875 0.530729166015625 0.3481481484375 0.535416666015625 0.333333333984375 0.533333333984375 0.3305555546875 0.530729166015625 0.316666666015625 0.5359375 0.293518517578125 0.552604166015625 0.27592592578125 0.577604166015625 0.27777777734375 0.588020833984375 0.331481482421875 0.6265625 0.334259259765625 0.632291666015625 0.3518518515625 0.639583333984375 0.359259259765625 0.647395833984375 0.3731481484375 0.649479166015625
2 0.52592592578125 0.55 0.5518518515625 0.5328125 0.567592591796875 0.517708333984375 0.57777777734375 0.502083333984375 0.57777777734375 0.496354166015625 0.55277777734375 0.486458333984375 0.528703703125 0.4828125 0.491666666015625 0.463020833984375 0.487962962890625 0.458854166015625 0.47037037109375 0.453645833984375 0.4555555546875 0.441145833984375 0.432407408203125 0.4484375 0.386111111328125 0.480208333984375 0.3305555546875 0.503645833984375 0.337962962890625 0.514583333984375 0.34537037109375 0.51875 0.362962962890625 0.520833333984375 0.49537037109375 0.561458333984375 0.503703703125 0.560416666015625 0.52592592578125 0.55