2 0.2373046875 0.556640625 0.1943359375 0.1513671875
1 0.2177734375 0.34375 0.263671875 0.1494140625
2 0.7177734375 0.4599609375 0.236328125 0.1201171875
1 0.50390625 0.28515625 0.3388671875 0.1298828125
2 0.5400390625 0.4921875 0.2275390625 0.119140625
0 0.4931640625 0.69140625 0.1611328125 0.09765625
0 0.314453125 0.6943359375 0.1533203125 0.0859375
0 0.6943359375 0.5986328125 0.1484375 0.07421875
0 0.6455078125 0.6650390625 0.1611328125 0.091796875
0 0.4599609375 0.6328125 0.123046875 0.044921875
2 0.389814814453125 0.5953125 0.4018518515625 0.5890625 0.411111111328125 0.588020833984375 0.417592591796875 0.583333333984375 0.42407407421875 0.5828125 0.432407408203125 0.577604166015625 0.47037037109375 0.566145833984375 0.4731481484375 0.563541666015625 0.481481482421875 0.563541666015625 0.490740740234375 0.559895833984375 0.512037037109375 0.55625 0.532407408203125 0.551041666015625 0.537037037109375 0.547395833984375 0.532407408203125 0.541666666015625 0.512037037109375 0.529166666015625 0.47777777734375 0.513020833984375 0.44907407421875 0.483854166015625 0.417592591796875 0.4734375 0.412037037109375 0.4734375 0.37962962890625 0.484895833984375 0.35092592578125 0.4890625 0.312037037109375 0.508854166015625 0.311111111328125 0.516666666015625 0.32592592578125 0.5625 0.3268518515625 0.5921875 0.32962962890625 0.5984375 0.34722222265625 0.6046875 0.389814814453125 0.5953125