1 0.1796875 0.6845703125 0.277587890625 0.205078125
0 0.685546875 0.5048828125 0.27783203125 0.146728515625
0 0.091796875 0.470703125 0.18359375 0.144775390625
1 0.46875 0.703125 0.195556640625 0.203125
0 0.4892578125 0.412109375 0.21875 0.124755859375
0 0.2900390625 0.451171875 0.243896484375 0.136474609375
0 0.0966796875 0.3876953125 0.193359375 0.099609375
0 0.7138671875 0.42578125 0.236328125 0.08984375
2 0.78515625 0.146484375 0.398681640625 0.066650390625
2 0.392578125 0.126953125 0.355712890625 0.05126953125
2 0.1083984375 0.1044921875 0.216796875 0.056884765625