2 0.53515625 0.5 0.224609375 0.171875
2 0.5419921875 0.34765625 0.2119140625 0.12890625
0 0.5927734375 0.6240234375 0.19140625 0.11328125
0 0.1904296875 0.3837890625 0.1826171875 0.1005859375
0 0.216796875 0.5107421875 0.1806640625 0.09375
0 0.2998046875 0.4345703125 0.1298828125 0.08203125
0 0.31640625 0.5595703125 0.1220703125 0.087890625
2 0.96484375 0.66015625 0.0634765625 0.1845703125
1 0.970703125 0.314453125 0.0537109375 0.1533203125
1 0.99907407421875 0.424479166015625 0.95277777734375 0.428125 0.94537037109375 0.432291666015625 0.943518517578125 0.436458333984375 0.938888888671875 0.567708333984375 0.942592591796875 0.572395833984375 0.95277777734375 0.574479166015625 0.958333333984375 0.569791666015625 0.99907407421875 0.555208333984375 0.99907407421875 0.424479166015625
2 0.989814814453125 0.7515625 0.99907407421875 0.752604166015625 0.99907407421875 0.563020833984375 0.97407407421875 0.572395833984375 0.9555555546875 0.5765625 0.939814814453125 0.584375 0.936111111328125 0.623958333984375 0.937037037109375 0.665625 0.946296296875 0.677083333984375 0.95277777734375 0.6984375 0.9694444453125 0.7203125 0.983333333984375 0.746354166015625 0.989814814453125 0.7515625