1 0.1982421875 0.4453125 0.302490234375 0.132568359375
2 0.3994140625 0.640625 0.232177734375 0.16357421875
1 0.4111328125 0.32421875 0.34375 0.10107421875
0 0.5869140625 0.7529296875 0.162109375 0.099365234375
0 0.92578125 0.5751953125 0.140380859375 0.095947265625
0 0.7412109375 0.7236328125 0.181640625 0.1015625
2 0.74609375 0.435546875 0.226318359375 0.11279296875
0 0.859375 0.65625 0.18017578125 0.101318359375
0 0.798828125 0.59375 0.12939453125 0.077880859375
2 0.426400181640625 0.579667283203125 0.48536221484375 0.63127514453125 0.5166354921875 0.650681404296875 0.526404833984375 0.65234375 0.536430029296875 0.65234375 0.540728328125 0.65132159765625 0.5572184453125 0.63995006640625 0.5983065 0.606293294921875 0.60536023046875 0.597393255859375 0.658203125 0.56740467578125 0.658203125 0.550619619140625 0.656631775390625 0.549315005859375 0.58968863671875 0.536286951171875 0.541358404296875 0.522472423828125 0.5202004296875 0.51942817578125 0.509774927734375 0.5228742109375 0.504766609375 0.5192116640625 0.4842263203125 0.5192116640625 0.44537362890625 0.54342123828125 0.42520154296875 0.569146810546875 0.426400181640625 0.579667283203125
2 0.575043798828125 0.53096711328125 0.60178774609375 0.5332673984375 0.6099563671875 0.53662044140625 0.65041823046875 0.54242653125 0.655656873046875 0.54882709765625 0.65270222265625 0.553355357421875 0.663014828125 0.55327896875 0.6807063828125 0.547952560546875 0.701752791015625 0.534455107421875 0.73828125 0.493244552734375 0.73828125 0.487868599609375 0.736557189453125 0.48640503515625 0.70174817578125 0.478669103515625 0.634394126953125 0.454917748046875 0.622655416015625 0.448859611328125 0.609887400390625 0.4375 0.597229720703125 0.4375 0.57566759375 0.443916607421875 0.539124072265625 0.471064271484375 0.479510248046875 0.496534138671875 0.473779732421875 0.500025935546875 0.473598513671875 0.503670490234375 0.48240725 0.512776150390625 0.4998505859375 0.515863140625 0.5239234375 0.5160044453125 0.540441892578125 0.519065974609375 0.575043798828125 0.53096711328125
0 0.665673169921875 0.688748236328125 0.68296838671875 0.67986535546875 0.709258244140625 0.675174984375 0.739783197265625 0.676480248046875 0.740234375 0.6739179921875 0.740234375 0.655250228515625 0.728581359375 0.63613687890625 0.708919013671875 0.625041658203125 0.691573953125 0.6208712890625 0.6647946015625 0.6328405078125 0.597896064453125 0.675816806640625 0.600178388671875 0.683261578125 0.60896325 0.69057359375 0.642093103515625 0.701171875 0.649226599609375 0.701171875 0.665673169921875 0.688748236328125