2 0.845703125 0.4833984375 0.173828125 0.1298828125
1 0.4677734375 0.37890625 0.2607421875 0.1015625
2 0.853515625 0.3408203125 0.18359375 0.140625
0 0.1376953125 0.4052734375 0.16796875 0.095703125
2 0.8447265625 0.6455078125 0.1787109375 0.1689453125
1 0.5009765625 0.5927734375 0.2861328125 0.1552734375
0 0.1884765625 0.60546875 0.1640625 0.0888671875
0 0.2109375 0.5205078125 0.162109375 0.08984375
0 0.25 0.3642578125 0.0947265625 0.0908203125
0 0.2626953125 0.4521484375 0.0703125 0.0703125
0 0.2724609375 0.5556640625 0.0517578125 0.0693359375