1 0.363888888671875 0.201041666015625 0.3731481484375 0.199479166015625 0.37962962890625 0.186458333984375 0.3805555546875 0.1515625 0.371296296875 0.147916666015625 0.22037037109375 0.1484375 0.188888888671875 0.165104166015625 0.15092592578125 0.189583333984375 0.15 0.193229166015625 0.156481482421875 0.1953125 0.183333333984375 0.197395833984375 0.316666666015625 0.2 0.3231481484375 0.2015625 0.363888888671875 0.201041666015625
1 0.781481482421875 0.213020833984375 0.7555555546875 0.191145833984375 0.708333333984375 0.158333333984375 0.688888888671875 0.155208333984375 0.682407408203125 0.156770833984375 0.640740740234375 0.156770833984375 0.6194444453125 0.153125 0.55277777734375 0.1515625 0.5518518515625 0.160416666015625 0.561111111328125 0.202604166015625 0.567592591796875 0.206770833984375 0.737037037109375 0.214583333984375 0.77777777734375 0.214583333984375 0.781481482421875 0.213020833984375
2 0.291666666015625 0.466145833984375 0.312037037109375 0.452604166015625 0.34907407421875 0.419791666015625 0.37592592578125 0.39375 0.37592592578125 0.386979166015625 0.321296296875 0.383854166015625 0.268518517578125 0.384375 0.191666666015625 0.381770833984375 0.186111111328125 0.388020833984375 0.1768518515625 0.390625 0.167592591796875 0.4 0.111111111328125 0.441145833984375 0.111111111328125 0.446354166015625 0.1194444453125 0.450520833984375 0.14722222265625 0.446354166015625 0.22407407421875 0.451041666015625 0.240740740234375 0.45625 0.291666666015625 0.466145833984375
2 0.47407407421875 0.475 0.575 0.4484375 0.6018518515625 0.4328125 0.610185185546875 0.425 0.610185185546875 0.4203125 0.6055555546875 0.414583333984375 0.585185185546875 0.40625 0.52407407421875 0.392708333984375 0.512037037109375 0.396354166015625 0.4805555546875 0.399479166015625 0.39722222265625 0.419270833984375 0.331481482421875 0.438541666015625 0.321296296875 0.445833333984375 0.3194444453125 0.453645833984375 0.32407407421875 0.459895833984375 0.362037037109375 0.471875 0.3981481484375 0.470833333984375 0.441666666015625 0.476041666015625 0.47407407421875 0.475
2 0.706481482421875 0.474479166015625 0.712962962890625 0.475520833984375 0.831481482421875 0.456770833984375 0.831481482421875 0.452083333984375 0.815740740234375 0.4421875 0.810185185546875 0.434375 0.8 0.429166666015625 0.787962962890625 0.415625 0.789814814453125 0.40625 0.79537037109375 0.399479166015625 0.7944444453125 0.390104166015625 0.767592591796875 0.388541666015625 0.682407408203125 0.397395833984375 0.615740740234375 0.397395833984375 0.606481482421875 0.399479166015625 0.606481482421875 0.405729166015625 0.617592591796875 0.425520833984375 0.612037037109375 0.468229166015625 0.615740740234375 0.475 0.675 0.477083333984375 0.706481482421875 0.474479166015625
2 0.457407408203125 0.666666666015625 0.491666666015625 0.6671875 0.49722222265625 0.6640625 0.491666666015625 0.634895833984375 0.461111111328125 0.6140625 0.341666666015625 0.605208333984375 0.238888888671875 0.606770833984375 0.22777777734375 0.6171875 0.211111111328125 0.646875 0.211111111328125 0.661979166015625 0.22037037109375 0.667708333984375 0.233333333984375 0.669791666015625 0.409259259765625 0.672916666015625 0.431481482421875 0.671875 0.457407408203125 0.666666666015625
0 0.306481482421875 0.595833333984375 0.3444444453125 0.575 0.35 0.566666666015625 0.35 0.552604166015625 0.335185185546875 0.533333333984375 0.30277777734375 0.517708333984375 0.283333333984375 0.515104166015625 0.266666666015625 0.5140625 0.24537037109375 0.516145833984375 0.216666666015625 0.5234375 0.20277777734375 0.529166666015625 0.184259259765625 0.549479166015625 0.182407408203125 0.563020833984375 0.191666666015625 0.578125 0.22407407421875 0.594270833984375 0.240740740234375 0.598958333984375 0.286111111328125 0.6 0.306481482421875 0.595833333984375
0 0.44537037109375 0.5890625 0.456481482421875 0.584375 0.464814814453125 0.573958333984375 0.484259259765625 0.560416666015625 0.485185185546875 0.5421875 0.4768518515625 0.528645833984375 0.4694444453125 0.524479166015625 0.435185185546875 0.515104166015625 0.406481482421875 0.513541666015625 0.383333333984375 0.517708333984375 0.368518517578125 0.526041666015625 0.356481482421875 0.539583333984375 0.35462962890625 0.555729166015625 0.362037037109375 0.569270833984375 0.37592592578125 0.581770833984375 0.396296296875 0.589583333984375 0.433333333984375 0.591145833984375 0.44537037109375 0.5890625
0 0.57222222265625 0.6375 0.587037037109375 0.630208333984375 0.610185185546875 0.611458333984375 0.613888888671875 0.591145833984375 0.609259259765625 0.577083333984375 0.585185185546875 0.561979166015625 0.568518517578125 0.55625 0.52222222265625 0.552604166015625 0.490740740234375 0.5578125 0.466666666015625 0.573958333984375 0.456481482421875 0.588541666015625 0.458333333984375 0.6046875 0.47407407421875 0.622395833984375 0.5 0.6375 0.517592591796875 0.640625 0.55277777734375 0.641666666015625 0.57222222265625 0.6375
0 0.615740740234375 0.591666666015625 0.6305555546875 0.5796875 0.64537037109375 0.571875 0.664814814453125 0.567708333984375 0.671296296875 0.5640625 0.6731481484375 0.5484375 0.668518517578125 0.538541666015625 0.65462962890625 0.525520833984375 0.6305555546875 0.515625 0.583333333984375 0.5140625 0.556481482421875 0.5171875 0.536111111328125 0.5265625 0.5268518515625 0.536979166015625 0.52407407421875 0.55 0.52962962890625 0.552083333984375 0.567592591796875 0.555208333984375 0.582407408203125 0.559895833984375 0.607407408203125 0.574479166015625 0.615740740234375 0.591666666015625
0 0.7268518515625 0.655729166015625 0.766666666015625 0.638020833984375 0.7805555546875 0.623958333984375 0.783333333984375 0.605729166015625 0.77222222265625 0.584895833984375 0.75462962890625 0.572395833984375 0.72037037109375 0.5640625 0.687962962890625 0.563020833984375 0.64722222265625 0.571354166015625 0.631481482421875 0.5796875 0.614814814453125 0.5984375 0.614814814453125 0.616145833984375 0.632407408203125 0.634895833984375 0.656481482421875 0.645833333984375 0.687037037109375 0.655208333984375 0.709259259765625 0.657291666015625 0.7268518515625 0.655729166015625