0 0.76171875 0.421875 0.16455078125 0.093505859375
2 0.37890625 0.6259765625 0.198974609375 0.130615234375
1 0.09765625 0.326171875 0.1953125 0.160400390625
1 0.0576171875 0.5 0.115234375 0.12548828125
0 0.6220703125 0.666015625 0.157958984375 0.089599609375
0 0.755859375 0.5087890625 0.16015625 0.092041015625
0 0.6552734375 0.474609375 0.11328125 0.077880859375
2 0.47265625 0.3330078125 0.18798828125 0.119140625
0 0.71875 0.59765625 0.171875 0.09375
2 0.4296875 0.443359375 0.20361328125 0.097900390625
2 0.33907518359375 0.570720763671875 0.375430396484375 0.57491737109375 0.403539326171875 0.58102764453125 0.468591802734375 0.58453040234375 0.473371548828125 0.58745684375 0.494617970703125 0.586035578125 0.498213953125 0.583797376953125 0.5013627421875 0.55393979296875 0.498185587890625 0.50870577734375 0.501953125 0.48723308984375 0.501953125 0.472655357421875 0.501715609375 0.467881015625 0.49610165234375 0.461185814453125 0.482937388671875 0.461283328125 0.381920900390625 0.481819455078125 0.367021888671875 0.48662225 0.357156162109375 0.487040064453125 0.33537317578125 0.49630622265625 0.329183763671875 0.50230459765625 0.325627853515625 0.54260898046875 0.33907518359375 0.570720763671875
0 0.56910483984375 0.60546875 0.631750470703125 0.60546875 0.63164481640625 0.58679387890625 0.63737271484375 0.572873970703125 0.646132205078125 0.56345932421875 0.671875 0.550043609375 0.671875 0.548759806640625 0.670123580078125 0.54422580078125 0.65856990234375 0.536601427734375 0.63205038671875 0.5267820078125 0.60879153125 0.525626525390625 0.581195884765625 0.529958111328125 0.576916357421875 0.536484853515625 0.566491388671875 0.583038685546875 0.564453125 0.59751380078125 0.564453125 0.60239904296875 0.56910483984375 0.60546875