2 0.78125 0.37109375 0.226318359375 0.140380859375
2 0.5576171875 0.359375 0.259521484375 0.12890625
0 0.744140625 0.548828125 0.159912109375 0.09814453125
2 0.2265625 0.3095703125 0.269775390625 0.099853515625
0 0.57421875 0.5703125 0.17236328125 0.10546875
0 0.5810546875 0.494140625 0.161865234375 0.073974609375
0 0.255859375 0.5185546875 0.179443359375 0.092041015625
0 0.4033203125 0.5517578125 0.177490234375 0.095703125
1 0.708984375 0.0625 0.36279296875 0.08203125
1 0.36328125 0.046875 0.44140625 0.07421875
0 0.400390625 0.48046875 0.14404296875 0.06201171875
2 0.45806759375 0.390625 0.471228271484375 0.387471591796875 0.472016638671875 0.384816693359375 0.4523262578125 0.38077899609375 0.444004345703125 0.3812767734375 0.4381293046875 0.37536961328125 0.431683962890625 0.376276689453125 0.4297256171875 0.37430763671875 0.434049060546875 0.368311998046875 0.44481784375 0.36140928515625 0.447319232421875 0.35604418359375 0.458333341796875 0.353820728515625 0.513890283203125 0.316596953125 0.5248771328125 0.313853580078125 0.535564142578125 0.30539111328125 0.5390625 0.305671556640625 0.5390625 0.30500336328125 0.537086357421875 0.299041486328125 0.530422951171875 0.295789220703125 0.53746584765625 0.28858782421875 0.476029611328125 0.284439421875 0.411546822265625 0.27525776953125 0.376573408203125 0.280479 0.376166658203125 0.2904127421875 0.367874130859375 0.309162947265625 0.3548220234375 0.325590103515625 0.3352973203125 0.342404419921875 0.322265625 0.36302211328125 0.322265625 0.366114888671875 0.323796814453125 0.370734373046875 0.34471169140625 0.380435857421875 0.363395638671875 0.382969109375 0.37288753515625 0.387095283203125 0.390803173828125 0.390625 0.45806759375 0.390625