2 0.3466796875 0.322265625 0.21875 0.125244140625
2 0.1328125 0.3134765625 0.261474609375 0.115478515625
1 0.6220703125 0.0537109375 0.271484375 0.10546875
2 0.724609375 0.3369140625 0.230224609375 0.13671875
1 0.24609375 0.05078125 0.3671875 0.1015625
0 0.693359375 0.4970703125 0.16064453125 0.091796875
0 0.546875 0.537109375 0.17138671875 0.101318359375
0 0.2021484375 0.5244140625 0.177490234375 0.099365234375
0 0.3740234375 0.5400390625 0.177978515625 0.091552734375
0 0.5146484375 0.4716796875 0.158447265625 0.06640625
0 0.3271484375 0.474609375 0.150390625 0.07470703125
2 0.61605766015625 0.3940078125 0.62203876953125 0.39453125 0.637383150390625 0.39453125 0.64193800390625 0.392650953125 0.643757173828125 0.389381103515625 0.64366844921875 0.37740328515625 0.64155563671875 0.37075747265625 0.607560333984375 0.29845119140625 0.59341586328125 0.29449700390625 0.5766540546875 0.29328879296875 0.555759498046875 0.284992744140625 0.531727751953125 0.28625268359375 0.47287475390625 0.278903224609375 0.440542388671875 0.311903388671875 0.433250373046875 0.32950346484375 0.419426044921875 0.34640251953125 0.41117862109375 0.363530935546875 0.404296875 0.36896079296875 0.404296875 0.369917181640625 0.40773934765625 0.383537775390625 0.418155515625 0.3871656796875 0.466250123046875 0.385165921875 0.571856845703125 0.39453125 0.59560374609375 0.39453125 0.61605766015625 0.3940078125