2 0.133333333984375 0.342708333984375 0.212962962890625 0.345833333984375 0.275 0.334895833984375 0.292592591796875 0.328645833984375 0.315740740234375 0.3265625 0.338888888671875 0.321354166015625 0.341666666015625 0.317708333984375 0.325 0.297135416015625 0.32222222265625 0.280729166015625 0.3231481484375 0.2578125 0.328703703125 0.244270833984375 0.336111111328125 0.239583333984375 0.334259259765625 0.230729166015625 0.30462962890625 0.229166666015625 0.29907407421875 0.226041666015625 0.286111111328125 0.224479166015625 0.203703703125 0.233333333984375 0.136111111328125 0.232291666015625 0.12777777734375 0.24375 0.132407408203125 0.2625 0.12962962890625 0.2828125 0.106481482421875 0.324479166015625 0.109259259765625 0.33125 0.121296296875 0.338541666015625 0.133333333984375 0.342708333984375
2 0.57037037109375 0.3171875 0.5694444453125 0.277430728515625 0.5805555546875 0.235416666015625 0.57777777734375 0.228125 0.535185185546875 0.226041666015625 0.5194444453125 0.228125 0.3694444453125 0.23125 0.3731481484375 0.269270833984375 0.35462962890625 0.315104166015625 0.3555555546875 0.330729166015625 0.435185185546875 0.340104166015625 0.55277777734375 0.340625 0.57407407421875 0.334895833984375 0.578703703125 0.328645833984375 0.57037037109375 0.3171875
2 0.62592592578125 0.3078125 0.638888888671875 0.340104166015625 0.7481481484375 0.3359375 0.8768518515625 0.307291666015625 0.87592592578125 0.302604166015625 0.8694444453125 0.302083333984375 0.8231481484375 0.281770833984375 0.807407408203125 0.2703125 0.79537037109375 0.251041666015625 0.80092592578125 0.240625 0.8 0.233854166015625 0.77592592578125 0.23125 0.74722222265625 0.2328125 0.64537037109375 0.2453125 0.591666666015625 0.247916666015625 0.591666666015625 0.255729166015625 0.603703703125 0.266145833984375 0.625 0.293229166015625 0.62592592578125 0.3078125
0 0.32777777734375 0.547395833984375 0.333333333984375 0.545833333984375 0.340740740234375 0.5390625 0.35277777734375 0.534375 0.363888888671875 0.519791666015625 0.37037037109375 0.5046875 0.366666666015625 0.488541666015625 0.3555555546875 0.4734375 0.32222222265625 0.458333333984375 0.308333333984375 0.454166666015625 0.289814814453125 0.452083333984375 0.262037037109375 0.452604166015625 0.22407407421875 0.4609375 0.192592591796875 0.480208333984375 0.184259259765625 0.494270833984375 0.182407408203125 0.5078125 0.185185185546875 0.515625 0.2018518515625 0.532291666015625 0.233333333984375 0.544270833984375 0.266666666015625 0.5484375 0.32777777734375 0.547395833984375
0 0.312037037109375 0.453125 0.318518517578125 0.450520833984375 0.32407407421875 0.444270833984375 0.3305555546875 0.43125 0.3268518515625 0.4078125 0.317592591796875 0.396875 0.3018518515625 0.390104166015625 0.266666666015625 0.3828125 0.2444444453125 0.3828125 0.2231481484375 0.3859375 0.20092592578125 0.3953125 0.187962962890625 0.411458333984375 0.187037037109375 0.425 0.192592591796875 0.438020833984375 0.209259259765625 0.453645833984375 0.22222222265625 0.459375 0.263888888671875 0.452604166015625 0.312037037109375 0.453125
0 0.4518518515625 0.505729166015625 0.481481482421875 0.494791666015625 0.49907407421875 0.480729166015625 0.5055555546875 0.463020833984375 0.503703703125 0.449479166015625 0.485185185546875 0.432291666015625 0.4555555546875 0.417708333984375 0.4231481484375 0.415104166015625 0.383333333984375 0.4203125 0.361111111328125 0.430729166015625 0.346296296875 0.447395833984375 0.34537037109375 0.465625 0.359259259765625 0.475 0.371296296875 0.4953125 0.383333333984375 0.503645833984375 0.415740740234375 0.5078125 0.4518518515625 0.505729166015625
0 0.563888888671875 0.454166666015625 0.581481482421875 0.447395833984375 0.603703703125 0.433854166015625 0.612962962890625 0.421875 0.615740740234375 0.402604166015625 0.606481482421875 0.386979166015625 0.596296296875 0.3828125 0.486111111328125 0.38125 0.47777777734375 0.3828125 0.466666666015625 0.390104166015625 0.456481482421875 0.407291666015625 0.457407408203125 0.4171875 0.485185185546875 0.43125 0.508333333984375 0.4515625 0.532407408203125 0.455729166015625 0.55092592578125 0.455729166015625 0.563888888671875 0.454166666015625
0 0.703703703125 0.444791666015625 0.762962962890625 0.458854166015625 0.77037037109375 0.453645833984375 0.77962962890625 0.440104166015625 0.77777777734375 0.409895833984375 0.75462962890625 0.396875 0.7305555546875 0.388541666015625 0.710185185546875 0.386458333984375 0.668518517578125 0.386979166015625 0.65277777734375 0.390104166015625 0.633333333984375 0.402604166015625 0.625 0.411979166015625 0.62037037109375 0.423958333984375 0.6194444453125 0.433854166015625 0.62407407421875 0.444270833984375 0.628703703125 0.45 0.637962962890625 0.453645833984375 0.67037037109375 0.4453125 0.703703703125 0.444791666015625
0 0.7194444453125 0.540625 0.739814814453125 0.5359375 0.763888888671875 0.5234375 0.781481482421875 0.500520833984375 0.781481482421875 0.480208333984375 0.7694444453125 0.464583333984375 0.762037037109375 0.460416666015625 0.70277777734375 0.445833333984375 0.671296296875 0.446875 0.641666666015625 0.4546875 0.633333333984375 0.4546875 0.6194444453125 0.463541666015625 0.607407408203125 0.478645833984375 0.6055555546875 0.497916666015625 0.612037037109375 0.511458333984375 0.62962962890625 0.527604166015625 0.659259259765625 0.5390625 0.69907407421875 0.5421875 0.7194444453125 0.540625
1 0.415740740234375 0.669270833984375 0.418518517578125 0.665625 0.421296296875 0.599479166015625 0.416666666015625 0.568229166015625 0.413888888671875 0.566666666015625 0.3731481484375 0.5671875 0.363888888671875 0.563020833984375 0.32962962890625 0.567708333984375 0.303703703125 0.567708333984375 0.3 0.573958333984375 0.290740740234375 0.632291666015625 0.288888888671875 0.665104166015625 0.292592591796875 0.671875 0.336111111328125 0.671875 0.371296296875 0.667708333984375 0.3768518515625 0.669791666015625 0.415740740234375 0.669270833984375
1 0.563888888671875 0.671354166015625 0.57222222265625 0.669270833984375 0.62592592578125 0.671354166015625 0.631481482421875 0.666145833984375 0.631481482421875 0.653125 0.618518517578125 0.6140625 0.62037037109375 0.6015625 0.611111111328125 0.588020833984375 0.60462962890625 0.56875 0.596296296875 0.565104166015625 0.5768518515625 0.565625 0.561111111328125 0.563541666015625 0.493518517578125 0.565625 0.488888888671875 0.569270833984375 0.50277777734375 0.66875 0.508333333984375 0.672395833984375 0.528703703125 0.672916666015625 0.541666666015625 0.670833333984375 0.563888888671875 0.671354166015625