2 0.46484375 0.5 0.22607421875 0.171875
2 0.4580078125 0.34765625 0.212646484375 0.12890625
0 0.4072265625 0.6240234375 0.19140625 0.11328125
0 0.8095703125 0.3837890625 0.181884765625 0.099853515625
0 0.783203125 0.5107421875 0.179931640625 0.09375
0 0.7001953125 0.4345703125 0.130615234375 0.08203125
0 0.68359375 0.5595703125 0.121337890625 0.087890625
2 0.03515625 0.66015625 0.062744140625 0.183837890625
1 0.029296875 0.314453125 0.054443359375 0.152587890625
1 0.001959794921875 0.426994744140625 0.002544603515625 0.505943859375 0.005624619140625 0.55743605859375 0.04716483984375 0.56986719921875 0.0529391796875 0.57421875 0.05313961328125 0.57421875 0.0625 0.5717828203125 0.0625 0.52529278515625 0.053989181640625 0.43594125 0.0518916953125 0.431877208984375 0.04424842578125 0.428103927734375 0.001959794921875 0.426994744140625
2 0.065590673828125 0.625582486328125 0.063270666015625 0.585911193359375 0.0478121640625 0.577668615234375 0.029450341796875 0.572994212890625 0.00479275390625 0.562935087890625 0.00390625 0.588327802734375 0.00390625 0.75 0.009671748046875 0.75 0.0141256640625 0.74663694921875 0.028914931640625 0.720986310546875 0.046334875 0.6995772578125 0.053557654296875 0.678408798828125 0.063211166015625 0.667209080078125 0.065590673828125 0.625582486328125