1 0.211192302734375 0.369140625 0.364134466796875 0.332346689453125 0.373046875 0.327057154296875 0.373046875 0.320283779296875 0.36763595703125 0.31338008984375 0.351145115234375 0.30120090625 0.336782869140625 0.2936058828125 0.31535942578125 0.27646780078125 0.31163112109375 0.276141517578125 0.28727923046875 0.256548216796875 0.265213185546875 0.244140625 0.26519326953125 0.244140625 0.252271314453125 0.244818099609375 0.20023966015625 0.25850278515625 0.179385251953125 0.26637890234375 0.156402244140625 0.269670861328125 0.131819529296875 0.2772206953125 0.127384705078125 0.280583708984375 0.136823384765625 0.29887187890625 0.1808836015625 0.353432703125 0.197762044921875 0.369140625 0.211192302734375 0.369140625
1 0.462593794921875 0.310546875 0.49918611328125 0.310546875 0.528766240234375 0.306684904296875 0.63061692578125 0.29243674609375 0.649355388671875 0.288863658203125 0.65234375 0.286237369140625 0.65234375 0.27517246484375 0.650200396484375 0.272746212890625 0.48522859375 0.2036295625 0.467386859375 0.203497400390625 0.35714290234375 0.218708556640625 0.35143141015625 0.2214962109375 0.351267861328125 0.224615716796875 0.3561616015625 0.237425591796875 0.3640473828125 0.246242052734375 0.398882380859375 0.27179537890625 0.462593794921875 0.310546875
2 0.196168498046875 0.548607091796875 0.20181664453125 0.5611482421875 0.20834056640625 0.566925421875 0.228718650390625 0.56811798046875 0.251389515625 0.572265625 0.271904708984375 0.572265625 0.318483310546875 0.56201244140625 0.3221638671875 0.558914875 0.35634596484375 0.548751982421875 0.357421875 0.5476931328125 0.357421875 0.53055937109375 0.346824361328125 0.513266728515625 0.3419863984375 0.485107435546875 0.333533466796875 0.468899873046875 0.329698591796875 0.451164103515625 0.324100595703125 0.44539378515625 0.3148413359375 0.44532519921875 0.29821325 0.450410076171875 0.180940873046875 0.492768185546875 0.19415846484375 0.527239208984375 0.196168498046875 0.548607091796875
0 0.6494140625 0.6103515625 0.1484375 0.083984375
0 0.3505859375 0.6396484375 0.140625 0.08203125
0 0.51171875 0.6357421875 0.148193359375 0.087646484375
0 0.47265625 0.5810546875 0.125 0.056396484375
0 0.6943359375 0.5517578125 0.138671875 0.07421875
0 0.609375 0.5400390625 0.058349609375 0.02734375
2 0.36598141015625 0.54264846484375 0.3683064296875 0.544921875 0.405863611328125 0.544921875 0.412448716796875 0.54323126171875 0.456660076171875 0.522594375 0.541015625 0.49130794140625 0.541015625 0.484558703125 0.5347872265625 0.480029166015625 0.504272458984375 0.4672553984375 0.494009375 0.466483255859375 0.469541373046875 0.44645862890625 0.432525080078125 0.433665587890625 0.3743540390625 0.453816056640625 0.34218909765625 0.4740436328125 0.340925490234375 0.483533814453125 0.36332104296875 0.529808939453125 0.36598141015625 0.54264846484375
2 0.598686892578125 0.489118986328125 0.605975689453125 0.484248669921875 0.62343385546875 0.478604474609375 0.642578125 0.464884435546875 0.642578125 0.46030654296875 0.6281851171875 0.446183796875 0.590880083984375 0.398657609375 0.589174140625 0.392578125 0.569119310546875 0.392578125 0.55832643359375 0.3932149765625 0.505977830078125 0.411188935546875 0.438611423828125 0.421200185546875 0.438870369140625 0.431613919921875 0.459532791015625 0.44308333203125 0.472582734375 0.446405896484375 0.49536837890625 0.4687636953125 0.55662687109375 0.4971724609375 0.570678669921875 0.497068375 0.598686892578125 0.489118986328125
2 0.612947265625 0.41691379296875 0.6302773046875 0.4437620625 0.6507334765625 0.462930341796875 0.660943564453125 0.466796875 0.663268185546875 0.466796875 0.71211220703125 0.458392095703125 0.754369875 0.446215861328125 0.8101395 0.422134453125 0.818359375 0.41623986328125 0.818359375 0.41392865625 0.8152795 0.410895427734375 0.80420271484375 0.4098757890625 0.74003673828125 0.39395505859375 0.720186248046875 0.375065849609375 0.691439595703125 0.364185650390625 0.69081687890625 0.364190263671875 0.663471068359375 0.385818544921875 0.650556703125 0.384438873046875 0.60818632421875 0.39225916796875 0.612947265625 0.41691379296875