2 0.7783203125 0.2177734375 0.243896484375 0.140625
2 0.5224609375 0.2099609375 0.23828125 0.134765625
2 0.2451171875 0.2080078125 0.302490234375 0.131103515625
1 0.4130859375 0.5498046875 0.140625 0.095947265625
0 0.28515625 0.4296875 0.179931640625 0.10107421875
1 0.6123046875 0.5517578125 0.126953125 0.09375
0 0.7099609375 0.443359375 0.189697265625 0.097900390625
0 0.5556640625 0.3994140625 0.165771484375 0.09765625
0 0.2783203125 0.3603515625 0.162353515625 0.064697265625
0 0.7333984375 0.365234375 0.146240234375 0.066650390625
0 0.4453125 0.3583984375 0.164306640625 0.060791015625