1 0.7333984375 0.4580078125 0.216796875 0.171875
2 0.91015625 0.21484375 0.1796875 0.125
0 0.5830078125 0.6357421875 0.181640625 0.099365234375
0 0.7021484375 0.580078125 0.166015625 0.07470703125
0 0.244140625 0.5390625 0.171630859375 0.090087890625
2 0.6865234375 0.1728515625 0.295166015625 0.134521484375
2 0.3740234375 0.126953125 0.36328125 0.12060546875
1 0.359375 0.365234375 0.226806640625 0.2109375
0 0.40625 0.5595703125 0.16015625 0.091796875
0 0.5517578125 0.544921875 0.134521484375 0.058837890625
0 0.373046875 0.50390625 0.140869140625 0.05419921875