2 0.21875 0.5302734375 0.154296875 0.1171875
2 0.482421875 0.462890625 0.177734375 0.1005859375
0 0.486328125 0.654296875 0.150390625 0.0859375
0 0.3291015625 0.6669921875 0.138671875 0.0810546875
1 0.130859375 0.3271484375 0.16796875 0.087890625
2 0.6318359375 0.4267578125 0.19140625 0.095703125
0 0.6220703125 0.6220703125 0.1533203125 0.0859375
0 0.455078125 0.5966796875 0.1318359375 0.06640625
1 0.3701171875 0.26953125 0.228515625 0.072265625
0 0.6103515625 0.54296875 0.1103515625 0.06640625
2 0.4055555546875 0.517708333984375 0.4268518515625 0.511458333984375 0.432407408203125 0.511979166015625 0.44907407421875 0.5015625 0.4481481484375 0.494791666015625 0.443518517578125 0.490625 0.410185185546875 0.4734375 0.40462962890625 0.466145833984375 0.365740740234375 0.452604166015625 0.360185185546875 0.453125 0.334259259765625 0.46875 0.2944444453125 0.4875 0.282407408203125 0.496354166015625 0.290740740234375 0.5578125 0.296296296875 0.561458333984375 0.3194444453125 0.553125 0.3305555546875 0.552083333984375 0.35 0.5390625 0.4055555546875 0.517708333984375