2 0.5048828125 0.447265625 0.3828125 0.20751953125
2 0.7861328125 0.38671875 0.427490234375 0.1875
1 0.806640625 0.8115234375 0.19921875 0.11328125
1 0.640625 0.8564453125 0.1953125 0.111083984375
0 0.9013671875 0.6103515625 0.189697265625 0.125
0 0.2255859375 0.48828125 0.279541015625 0.15234375
0 0.9306640625 0.728515625 0.138671875 0.0546875
0 0.3603515625 0.68359375 0.138916015625 0.05419921875
0 0.8544921875 0.5458984375 0.177978515625 0.064453125
0 0.6708984375 0.5908203125 0.107666015625 0.033447265625
0 0.37890625 0.6298828125 0.03173828125 0.015625
0 0.3173828125 0.646484375 0.032958984375 0.015869140625