2 0 0.289583333984375 0.003703703125 0.294270833984375 0.007407408203125 0.317708333984375 0.037962962890625 0.3296875 0.063888888671875 0.333333333984375 0.114814814453125 0.3296875 0.137037037109375 0.322395833984375 0.162037037109375 0.317708333984375 0.189814814453125 0.3046875 0.218518517578125 0.286979166015625 0.266666666015625 0.265625 0.262037037109375 0.2578125 0.22777777734375 0.2484375 0.211111111328125 0.235416666015625 0.1944444453125 0.2171875 0.189814814453125 0.207291666015625 0.193518517578125 0.198958333984375 0.186111111328125 0.1890625 0.133333333984375 0.191145833984375 0.1055555546875 0.201041666015625 0.014814814453125 0.238020833984375 0 0.240625 0 0.289583333984375
2 0.289814814453125 0.271354166015625 0.30277777734375 0.271875 0.32592592578125 0.2671875 0.366666666015625 0.265104166015625 0.45277777734375 0.2484375 0.514814814453125 0.231770833984375 0.528703703125 0.223958333984375 0.537037037109375 0.214583333984375 0.537037037109375 0.209895833984375 0.515740740234375 0.199479166015625 0.463888888671875 0.15625 0.4518518515625 0.131770833984375 0.442592591796875 0.125 0.4305555546875 0.1265625 0.27222222265625 0.169791666015625 0.2231481484375 0.1859375 0.22407407421875 0.191666666015625 0.24537037109375 0.202604166015625 0.25277777734375 0.211458333984375 0.27222222265625 0.255729166015625 0.27777777734375 0.264583333984375 0.289814814453125 0.271354166015625
2 0.6981481484375 0.1796875 0.737962962890625 0.169791666015625 0.74722222265625 0.1640625 0.75462962890625 0.1625 0.818518517578125 0.123958333984375 0.853703703125 0.107291666015625 0.859259259765625 0.102604166015625 0.859259259765625 0.095833333984375 0.8555555546875 0.094791666015625 0.853703703125 0.096875 0.835185185546875 0.1 0.77222222265625 0.093229166015625 0.708333333984375 0.081770833984375 0.69907407421875 0.079166666015625 0.69537037109375 0.075520833984375 0.675 0.0734375 0.64907407421875 0.079166666015625 0.542592591796875 0.127083333984375 0.483333333984375 0.146354166015625 0.483333333984375 0.1484375 0.4981481484375 0.155208333984375 0.57592592578125 0.184375 0.610185185546875 0.201041666015625 0.628703703125 0.202604166015625 0.6981481484375 0.1796875
0 0.584259259765625 0.678125 0.596296296875 0.671875 0.612037037109375 0.653645833984375 0.610185185546875 0.6296875 0.592592591796875 0.610416666015625 0.563888888671875 0.597395833984375 0.540740740234375 0.59375 0.510185185546875 0.592708333984375 0.467592591796875 0.603125 0.4444444453125 0.61875 0.437962962890625 0.63125 0.437037037109375 0.6515625 0.4444444453125 0.667708333984375 0.467592591796875 0.680729166015625 0.5018518515625 0.689583333984375 0.52962962890625 0.691145833984375 0.584259259765625 0.678125
0 0.731481482421875 0.592708333984375 0.75092592578125 0.5796875 0.762037037109375 0.560416666015625 0.75462962890625 0.535416666015625 0.737962962890625 0.5234375 0.7305555546875 0.519791666015625 0.713888888671875 0.518229166015625 0.69722222265625 0.513020833984375 0.675 0.5109375 0.6555555546875 0.5125 0.635185185546875 0.518229166015625 0.609259259765625 0.535416666015625 0.6018518515625 0.549479166015625 0.60462962890625 0.573958333984375 0.612037037109375 0.582291666015625 0.65092592578125 0.599479166015625 0.6694444453125 0.603645833984375 0.707407408203125 0.600520833984375 0.731481482421875 0.592708333984375
0 0.89907407421875 0.565104166015625 0.9194444453125 0.5515625 0.92962962890625 0.533333333984375 0.928703703125 0.521875 0.914814814453125 0.503645833984375 0.892592591796875 0.491145833984375 0.85 0.4828125 0.82222222265625 0.483333333984375 0.803703703125 0.4875 0.785185185546875 0.494791666015625 0.775 0.502083333984375 0.761111111328125 0.521354166015625 0.761111111328125 0.541145833984375 0.7731481484375 0.559375 0.792592591796875 0.5671875 0.82777777734375 0.574479166015625 0.857407408203125 0.574479166015625 0.89907407421875 0.565104166015625
0 0.441666666015625 0.61875 0.467592591796875 0.6015625 0.47407407421875 0.583333333984375 0.4694444453125 0.5625 0.465740740234375 0.559375 0.460185185546875 0.559375 0.384259259765625 0.577604166015625 0.3194444453125 0.595833333984375 0.317592591796875 0.599479166015625 0.32777777734375 0.6125 0.343518517578125 0.622395833984375 0.3805555546875 0.628645833984375 0.411111111328125 0.628125 0.441666666015625 0.61875
0 0.582407408203125 0.565625 0.589814814453125 0.559375 0.5981481484375 0.544791666015625 0.596296296875 0.5296875 0.590740740234375 0.527604166015625 0.5731481484375 0.530729166015625 0.47962962890625 0.554166666015625 0.4768518515625 0.557291666015625 0.487962962890625 0.564583333984375 0.515740740234375 0.575520833984375 0.534259259765625 0.5765625 0.562962962890625 0.5734375 0.582407408203125 0.565625
0 0.74907407421875 0.4875 0.67777777734375 0.505729166015625 0.6694444453125 0.508333333984375 0.7305555546875 0.51875 0.75277777734375 0.53125 0.77037037109375 0.5046875 0.768518517578125 0.486979166015625 0.74907407421875 0.4875
1 0.407407408203125 0.547395833984375 0.42222222265625 0.541145833984375 0.425 0.534375 0.438888888671875 0.5328125 0.446296296875 0.5359375 0.47777777734375 0.529166666015625 0.4805555546875 0.51875 0.47592592578125 0.509895833984375 0.37037037109375 0.386458333984375 0.358333333984375 0.386458333984375 0.32777777734375 0.391666666015625 0.243518517578125 0.413020833984375 0.236111111328125 0.416666666015625 0.235185185546875 0.422395833984375 0.313888888671875 0.564583333984375 0.318518517578125 0.565625 0.340740740234375 0.560416666015625 0.3518518515625 0.559895833984375 0.407407408203125 0.547395833984375
1 0.7694444453125 0.417708333984375 0.80277777734375 0.2765625 0.79907407421875 0.265104166015625 0.77037037109375 0.254166666015625 0.765740740234375 0.253645833984375 0.757407408203125 0.2578125 0.709259259765625 0.288541666015625 0.67592592578125 0.313541666015625 0.617592591796875 0.449479166015625 0.6194444453125 0.4609375 0.64907407421875 0.471354166015625 0.661111111328125 0.4703125 0.713888888671875 0.44375 0.738888888671875 0.435416666015625 0.7694444453125 0.417708333984375