2 0.607421875 0.3740234375 0.187744140625 0.103271484375
2 0.9140625 0.369140625 0.171875 0.10498046875
0 0.625 0.556640625 0.167724609375 0.08935546875
1 0.572265625 0.1357421875 0.21533203125 0.088134765625
0 0.513671875 0.5205078125 0.14501953125 0.087646484375
2 0.44140625 0.3779296875 0.195556640625 0.0859375
0 0.7900390625 0.5498046875 0.154052734375 0.09375
1 0.880859375 0.1259765625 0.238037109375 0.084228515625
0 0.9267578125 0.5166015625 0.146484375 0.084228515625
0 0.7412109375 0.4853515625 0.142578125 0.064208984375
2 0.772635890625 0.4146224609375 0.848710291015625 0.411548140625 0.873100912109375 0.41427644140625 0.91063002734375 0.40646542578125 0.910801349609375 0.394901150390625 0.890271759765625 0.38172222265625 0.881129828125 0.3711715703125 0.871931552734375 0.372633400390625 0.869009931640625 0.370843779296875 0.861017833984375 0.3633078359375 0.857530609375 0.35374553125 0.839699220703125 0.338862375 0.80349036328125 0.33995171484375 0.780909234375 0.3365165078125 0.724230390625 0.337609162109375 0.701272634765625 0.354571658203125 0.69921875 0.362538845703125 0.69921875 0.368470203125 0.704383234375 0.384531671875 0.69921875 0.402036462890625 0.69921875 0.41796875 0.741779232421875 0.41796875 0.752279025390625 0.4161803125 0.772635890625 0.4146224609375