2 0.2919921875 0.51171875 0.189208984375 0.14013671875
1 0.2734375 0.2998046875 0.265869140625 0.138916015625
0 0.5185546875 0.65234375 0.150146484375 0.090087890625
2 0.7490234375 0.419921875 0.232177734375 0.113037109375
2 0.47265625 0.5 0.214599609375 0.117431640625
0 0.3759765625 0.6416015625 0.142822265625 0.080322265625
1 0.54296875 0.2529296875 0.328369140625 0.122802734375
0 0.6630859375 0.6279296875 0.154052734375 0.083984375
0 0.7900390625 0.5869140625 0.161865234375 0.0859375
0 0.509765625 0.5908203125 0.133056640625 0.0546875
0 0.6650390625 0.564453125 0.125 0.058837890625
2 0.649720130859375 0.488538427734375 0.68359375 0.470796048828125 0.68359375 0.461303939453125 0.666768435546875 0.453538080078125 0.6318776875 0.417224240234375 0.62161078125 0.392578125 0.5877298671875 0.392578125 0.53062071484375 0.41085669921875 0.46612652734375 0.419364896484375 0.463102755859375 0.421215912109375 0.463121396484375 0.423732296875 0.4668756328125 0.437062443359375 0.4856865390625 0.443703380859375 0.566214068359375 0.505859375 0.585365234375 0.505859375 0.6168343359375 0.499591546875 0.649720130859375 0.488538427734375