0 0.1953125 0.435546875 0.164306640625 0.09765625
2 0.5400390625 0.2841796875 0.185546875 0.142333984375
1 0.9306640625 0.494140625 0.138671875 0.14453125
2 0.5205078125 0.49609375 0.185791015625 0.10986328125
2 0.5419921875 0.591796875 0.220703125 0.116943359375
0 0.203125 0.529296875 0.18359375 0.09716796875
0 0.2783203125 0.6064453125 0.162109375 0.0859375
0 0.3115234375 0.5087890625 0.091796875 0.083984375
0 0.212890625 0.3369140625 0.172119140625 0.099365234375
0 0.3046875 0.41015625 0.109619140625 0.078125
2 0.5390625 0.3955078125 0.198974609375 0.10546875
1 0.921875 0.310546875 0.156005859375 0.19140625