1 0.435546875 0.150390625 0.19921875 0.10546875
2 0.8427734375 0.3544921875 0.21875 0.095458984375
2 0.3603515625 0.376953125 0.1796875 0.113037109375
2 0.5244140625 0.3798828125 0.197509765625 0.099853515625
1 0.7197265625 0.142578125 0.275634765625 0.10498046875
0 0.3779296875 0.515625 0.13671875 0.078125
0 0.5234375 0.5400390625 0.1484375 0.0859375
0 0.671875 0.5380859375 0.15234375 0.08203125
0 0.5283203125 0.4765625 0.130859375 0.05078125
0 0.703125 0.4677734375 0.11328125 0.037353515625
0 0.755812107421875 0.530532541015625 0.757942203125 0.530500982421875 0.777190802734375 0.52709951953125 0.7934308984375 0.52125551953125 0.809353240234375 0.511784265625 0.818359375 0.499538888671875 0.818359375 0.469015984375 0.816518216796875 0.466088501953125 0.794908947265625 0.453137341796875 0.7751958515625 0.44921875 0.7653149765625 0.44921875 0.753642333984375 0.44951671875 0.737356841796875 0.4548425390625 0.7234754140625 0.455739833984375 0.707144529296875 0.460547478515625 0.692976208984375 0.46879364453125 0.681469775390625 0.48617830078125 0.681591423828125 0.498190779296875 0.6845856015625 0.500498580078125 0.734743953125 0.510006244140625 0.755812107421875 0.530532541015625
2 0.6070677421875 0.40478849609375 0.610519427734375 0.40813848828125 0.62143701171875 0.410910791015625 0.64001909765625 0.411803849609375 0.666752203125 0.411605826171875 0.717369568359375 0.4059422578125 0.740048515625 0.40057035546875 0.740234375 0.39816578515625 0.740234375 0.388645912109375 0.730939041015625 0.37440553515625 0.7287205078125 0.34309987890625 0.7380480703125 0.318436732421875 0.704451509765625 0.3125 0.694374048828125 0.3125 0.640791470703125 0.31653193359375 0.61779203125 0.31404858203125 0.610285955078125 0.31514610546875 0.604867341796875 0.31324012109375 0.593226517578125 0.319824826171875 0.584394498046875 0.338076861328125 0.593664697265625 0.36216234765625 0.615497958984375 0.39173480078125 0.612968515625 0.4004564765625 0.6070677421875 0.40478849609375