2 0.6533203125 0.322265625 0.21875 0.1259765625
2 0.8671875 0.3134765625 0.2607421875 0.1162109375
1 0.3779296875 0.0537109375 0.271484375 0.10546875
2 0.275390625 0.3369140625 0.2294921875 0.13671875
1 0.75390625 0.05078125 0.3671875 0.1015625
0 0.306640625 0.4970703125 0.162109375 0.091796875
0 0.453125 0.537109375 0.169921875 0.1005859375
0 0.7978515625 0.5244140625 0.1767578125 0.0986328125
0 0.6259765625 0.5400390625 0.1787109375 0.0908203125
0 0.4853515625 0.4716796875 0.1591796875 0.06640625
0 0.6728515625 0.474609375 0.150390625 0.076171875
2 0.537037037109375 0.381770833984375 0.585185185546875 0.38125 0.59537037109375 0.377083333984375 0.5981481484375 0.3625 0.590740740234375 0.357291666015625 0.581481482421875 0.340625 0.566666666015625 0.324479166015625 0.558333333984375 0.307291666015625 0.52407407421875 0.276041666015625 0.465740740234375 0.286458333984375 0.441666666015625 0.286458333984375 0.421296296875 0.295833333984375 0.40462962890625 0.297916666015625 0.390740740234375 0.302604166015625 0.361111111328125 0.3765625 0.357407408203125 0.391145833984375 0.362037037109375 0.3984375 0.3694444453125 0.401041666015625 0.387962962890625 0.3984375 0.4268518515625 0.397395833984375 0.537037037109375 0.381770833984375