1 0.2314453125 0.244140625 0.326171875 0.1513671875
1 0.5009765625 0.201171875 0.365234375 0.134765625
2 0.2158203125 0.4599609375 0.2041015625 0.1396484375
2 0.6572265625 0.373046875 0.2294921875 0.111328125
2 0.400390625 0.4521484375 0.2236328125 0.111328125
0 0.552734375 0.513671875 0.12109375 0.0517578125
0 0.421875 0.5966796875 0.1484375 0.0888671875
0 0.2734375 0.591796875 0.1357421875 0.07421875
0 0.4033203125 0.5419921875 0.1240234375 0.0458984375
0 0.673828125 0.529296875 0.150390625 0.0791015625
0 0.556640625 0.5703125 0.146484375 0.0810546875
2 0.488888888671875 0.438020833984375 0.490740740234375 0.44375 0.496296296875 0.4453125 0.493518517578125 0.449479166015625 0.4981481484375 0.453125 0.52407407421875 0.452083333984375 0.560185185546875 0.443229166015625 0.571296296875 0.436979166015625 0.596296296875 0.428645833984375 0.606481482421875 0.421354166015625 0.607407408203125 0.418229166015625 0.59537037109375 0.40625 0.57962962890625 0.400520833984375 0.556481482421875 0.380729166015625 0.528703703125 0.340625 0.503703703125 0.341145833984375 0.491666666015625 0.345833333984375 0.443518517578125 0.356770833984375 0.37962962890625 0.361979166015625 0.37407407421875 0.364583333984375 0.371296296875 0.371354166015625 0.37592592578125 0.377604166015625 0.42962962890625 0.400520833984375 0.4518518515625 0.422395833984375 0.471296296875 0.426041666015625 0.488888888671875 0.438020833984375