2 0.2265625 0.3300242109375 0.227268748046875 0.331057111328125 0.23762928515625 0.333464015625 0.2476325078125 0.330155708984375 0.277205271484375 0.3280888515625 0.3013955546875 0.329007353515625 0.334163041015625 0.333501064453125 0.3468266328125 0.343052697265625 0.35396079296875 0.34375 0.35638126953125 0.34375 0.379753310546875 0.320399873046875 0.417900048828125 0.292163865234375 0.42394681640625 0.2849573984375 0.43996109375 0.244178703125 0.44047759375 0.222747375 0.435317955078125 0.212890625 0.383877001953125 0.212890625 0.34199808984375 0.221280810546875 0.30827396875 0.21633212109375 0.283451880859375 0.220154291015625 0.276173994140625 0.237361662109375 0.2265625 0.3032594375 0.2265625 0.3300242109375
2 0.1584566953125 0.456793580078125 0.20931524609375 0.459611900390625 0.230507685546875 0.4629577109375 0.26543513671875 0.470952365234375 0.28664725 0.48046875 0.301529123046875 0.48046875 0.316184625 0.476893783203125 0.325040009765625 0.462089646484375 0.338485849609375 0.44848811328125 0.35656015625 0.40846951953125 0.361328125 0.382912423828125 0.361328125 0.359278978515625 0.36015585546875 0.358564607421875 0.3362055078125 0.354601337890625 0.325046634765625 0.35577511328125 0.290862775390625 0.353017935546875 0.26212202734375 0.35357773828125 0.226949712890625 0.345703125 0.21943076171875 0.345703125 0.208251091796875 0.357429181640625 0.1624688046875 0.4214954296875 0.14876848828125 0.442384189453125 0.1484375 0.443930666015625 0.1484375 0.453372861328125 0.1584566953125 0.456793580078125
2 0.16111140625 0.63770300390625 0.23866753515625 0.58779677734375 0.251364109375 0.574776056640625 0.26344645703125 0.555471587890625 0.284907078125 0.53395690234375 0.288349546875 0.52832054296875 0.28838154296875 0.526160703125 0.286427390625 0.522027298828125 0.216428130859375 0.494553369140625 0.1993472265625 0.4839219140625 0.18050346875 0.479392001953125 0.177902619140625 0.479372736328125 0.175300263671875 0.4829035234375 0.177971361328125 0.4851025546875 0.171238296875 0.490032185546875 0.16848953515625 0.48939430078125 0.16833420703125 0.492516587890625 0.14700302734375 0.511429365234375 0.110433619140625 0.538561927734375 0.08984375 0.561404984375 0.08984375 0.574613626953125 0.112113873046875 0.579308353515625 0.130863328125 0.593660814453125 0.146242703125 0.619864544921875 0.149911298828125 0.638671875 0.1511873046875 0.638671875 0.16111140625 0.63770300390625
0 0.999631458984375 0.435283521484375 0.999586275390625 0.41817026171875 0.9958780546875 0.416672640625 0.96808082421875 0.410908380859375 0.931970001953125 0.4131008671875 0.90975504296875 0.4171339765625 0.8820128125 0.43219987890625 0.863539072265625 0.450228708984375 0.861328125 0.456846396484375 0.861328125 0.4648846953125 0.8654571171875 0.47519258203125 0.8858860234375 0.496187982421875 0.919106958984375 0.50390625 0.96337571484375 0.50390625 0.998762072265625 0.4939670859375 0.999631458984375 0.435283521484375
0 0.904471859375 0.39112387109375 0.895745369140625 0.37564112109375 0.884877326171875 0.36840613671875 0.8684207578125 0.361976900390625 0.853705849609375 0.358748291015625 0.847191966796875 0.35951487109375 0.818938677734375 0.39896872265625 0.798828125 0.433399505859375 0.798828125 0.44207648046875 0.807670025390625 0.443359375 0.838068740234375 0.443359375 0.86471433984375 0.441556087890625 0.89697642578125 0.419991046875 0.905106392578125 0.399489142578125 0.904471859375 0.39112387109375
0 0.859834380859375 0.592630984375 0.887267708984375 0.578606591796875 0.899696185546875 0.557029443359375 0.899489029296875 0.548697376953125 0.89466649609375 0.540966865234375 0.866365703125 0.5201007421875 0.837501765625 0.51383188671875 0.812508806640625 0.514268197265625 0.7839297109375 0.519455931640625 0.75825708203125 0.529802728515625 0.745608501953125 0.542527060546875 0.740234375 0.55592233203125 0.740234375 0.5588068046875 0.756800703125 0.5829681171875 0.763332150390625 0.584938013671875 0.769980119140625 0.59159469921875 0.79124055078125 0.59765625 0.83986930859375 0.59765625 0.859834380859375 0.592630984375
0 0.864630673828125 0.663916775390625 0.86971365625 0.65107065234375 0.867295873046875 0.636123212890625 0.855428814453125 0.616600193359375 0.83542891015625 0.602833751953125 0.810326470703125 0.60139371875 0.769609974609375 0.6041286640625 0.749447255859375 0.61069329296875 0.728515583984375 0.621477806640625 0.71512378125 0.63540306640625 0.712890625 0.643034767578125 0.712890625 0.6598358046875 0.724032349609375 0.6749239140625 0.7429700078125 0.685114505859375 0.76266421875 0.689453125 0.812068888671875 0.689453125 0.83932631640625 0.6817683828125 0.864630673828125 0.663916775390625
0 0.823328228515625 0.462093671875 0.806893611328125 0.45435908984375 0.790943310546875 0.452339720703125 0.786593912109375 0.4557800546875 0.76171875 0.5092683984375 0.76171875 0.515625 0.794922740234375 0.515625 0.825313302734375 0.507424970703125 0.831332009765625 0.50177719921875 0.8359375 0.490493970703125 0.8359375 0.490024916015625 0.83576568359375 0.4774251015625 0.823328228515625 0.462093671875
0 0.716577935546875 0.585274083984375 0.708984375 0.597430376953125 0.708984375 0.6110748984375 0.710979701171875 0.611328125 0.729155890625 0.611328125 0.76842858203125 0.597407435546875 0.75710372265625 0.578285615234375 0.740516810546875 0.555644443359375 0.716577935546875 0.585274083984375
1 0.793217146484375 0.373767142578125 0.801309599609375 0.349725642578125 0.800320904296875 0.343485087890625 0.795670453125 0.341448314453125 0.76602580859375 0.340183515625 0.551153150390625 0.33609171484375 0.54469275 0.33824011328125 0.54109377734375 0.348693748046875 0.527393572265625 0.367582845703125 0.513761390625 0.393242619140625 0.51171875 0.403523341796875 0.51171875 0.4112142890625 0.574227736328125 0.42076234375 0.698429763671875 0.432536416015625 0.728251169921875 0.4375 0.75597357421875 0.4375 0.76232764453125 0.432936220703125 0.793217146484375 0.373767142578125
1 0.503185525390625 0.611334154296875 0.518930125 0.61092991796875 0.539346791015625 0.60483080859375 0.611669322265625 0.591824123046875 0.64610605078125 0.568119560546875 0.655384599609375 0.565583982421875 0.665673951171875 0.551596927734375 0.6805582109375 0.54233166796875 0.68248722265625 0.531928716796875 0.66592472265625 0.517742759765625 0.65760296484375 0.51611853125 0.438690923828125 0.567624875 0.418270400390625 0.574244818359375 0.378293548828125 0.59582489453125 0.349609375 0.61313538671875 0.349609375 0.6222429296875 0.3613606796875 0.6316389375 0.364825666015625 0.63264121875 0.3854906484375 0.63279429296875 0.43828583203125 0.622312375 0.47999108203125 0.617412685546875 0.503185525390625 0.611334154296875