1 0.7685546875 0.244140625 0.326171875 0.152099609375
1 0.4990234375 0.201171875 0.365234375 0.13623046875
2 0.7841796875 0.4599609375 0.204833984375 0.138916015625
2 0.3427734375 0.373046875 0.228759765625 0.11279296875
2 0.599609375 0.4521484375 0.222900390625 0.111328125
0 0.447265625 0.513671875 0.12109375 0.051025390625
0 0.578125 0.5966796875 0.1484375 0.088134765625
0 0.7265625 0.591796875 0.136474609375 0.07421875
0 0.5966796875 0.5419921875 0.123291015625 0.045166015625
0 0.326171875 0.529296875 0.15185546875 0.078369140625
0 0.443359375 0.5703125 0.14501953125 0.081787109375
2 0.402417857421875 0.425736560546875 0.427203662109375 0.43468901171875 0.43815627734375 0.4412134609375 0.474037119140625 0.45096280859375 0.495998392578125 0.45239269140625 0.500230158203125 0.452424037109375 0.50464880859375 0.4491189453125 0.501975388671875 0.444884400390625 0.50756822265625 0.443460443359375 0.509561970703125 0.437778927734375 0.527447396484375 0.4262404609375 0.54697699609375 0.423079017578125 0.56973674609375 0.40176259375 0.62399500390625 0.380187380859375 0.62865347265625 0.37421477734375 0.6286570234375 0.373735291015625 0.626170015625 0.36721625 0.620680763671875 0.364474712890625 0.5569393359375 0.35767965234375 0.50907663671875 0.34554833203125 0.497159513671875 0.340562927734375 0.481430404296875 0.33984375 0.471870693359375 0.33984375 0.44341260546875 0.37882312890625 0.419778982421875 0.398033791015625 0.40390025390625 0.403370048828125 0.392578125 0.414090912109375 0.392578125 0.418315423828125 0.402417857421875 0.425736560546875