1 0.373046875 0.68359375 0.211181640625 0.144775390625
1 0.6044921875 0.69921875 0.157958984375 0.156005859375
0 0.4580078125 0.4580078125 0.169921875 0.09375
2 0.8193359375 0.2763671875 0.220703125 0.056884765625
0 0.7392578125 0.5322265625 0.216796875 0.103759765625
0 0.5693359375 0.5009765625 0.181640625 0.103515625
0 0.2646484375 0.498046875 0.205078125 0.101806640625
2 0.291015625 0.248046875 0.30078125 0.0546875
2 0.5703125 0.265625 0.22265625 0.051025390625
0 0.2763671875 0.44140625 0.177490234375 0.06640625
0 0.76171875 0.470703125 0.156494140625 0.06640625