2 0.119140625 0.44921875 0.230712890625 0.140380859375
2 0.3251953125 0.4404296875 0.23828125 0.119384765625
0 0.185546875 0.609375 0.163818359375 0.09423828125
2 0.634765625 0.37890625 0.2421875 0.105224609375
1 0.158203125 0.18359375 0.31640625 0.109130859375
0 0.353515625 0.623046875 0.168212890625 0.101806640625
1 0.4599609375 0.158203125 0.38671875 0.09716796875
0 0.6484375 0.5615234375 0.1640625 0.087646484375
0 0.515625 0.5341796875 0.13330078125 0.060791015625
0 0.3359375 0.5537109375 0.152587890625 0.06640625
0 0.513671875 0.599609375 0.163818359375 0.090087890625
2 0.33550842578125 0.3783375234375 0.438010234375 0.440718068359375 0.43631190625 0.456037404296875 0.436631279296875 0.456163630859375 0.46318055859375 0.45596696875 0.465020181640625 0.4558445546875 0.49737451953125 0.44983208203125 0.53520056640625 0.43535051953125 0.546295724609375 0.433512251953125 0.5581731640625 0.42553192578125 0.558276359375 0.411600513671875 0.551547673828125 0.4031743203125 0.542246767578125 0.399239001953125 0.53848036328125 0.393082830078125 0.5170275859375 0.377991626953125 0.501119771484375 0.3617209453125 0.494823056640625 0.341796875 0.469972552734375 0.341796875 0.45554638671875 0.342542013671875 0.434297671875 0.34775759375 0.3890748515625 0.363464666015625 0.364969935546875 0.36093899609375 0.3566577265625 0.363228900390625 0.323335623046875 0.365098896484375 0.319663400390625 0.3683150859375 0.318774123046875 0.37198291015625 0.323440271484375 0.37551262890625 0.33550842578125 0.3783375234375