0 0.703125 0.5546875 0.1572265625 0.0859375
2 0.2802734375 0.38671875 0.232421875 0.0732421875
0 0.4443359375 0.5087890625 0.1220703125 0.0703125
0 0.296875 0.513671875 0.1552734375 0.078125
2 0.490234375 0.392578125 0.26953125 0.0732421875
0 0.552734375 0.5458984375 0.14453125 0.08203125
2 0.720703125 0.3896484375 0.20703125 0.0791015625
1 0.66796875 0.150390625 0.2109375 0.0517578125
2 0.3876953125 0.5849609375 0.2626953125 0.05859375
1 0.296875 0.1474609375 0.201171875 0.048828125
0 0.6103515625 0.5048828125 0.1416015625 0.072265625