0 0.439453125 0.677734375 0.169921875 0.0859375
2 0.720703125 0.4306640625 0.2900390625 0.1513671875
0 0.8779296875 0.580078125 0.18359375 0.09765625
2 0.2861328125 0.576171875 0.193359375 0.1630859375
1 0.435546875 0.23828125 0.3203125 0.130859375
0 0.716796875 0.6240234375 0.16796875 0.095703125
1 0.095703125 0.3671875 0.19140625 0.158203125
2 0.5009765625 0.5185546875 0.2392578125 0.1494140625
2 0.6162109375 0.7294921875 0.2978515625 0.1396484375
0 0.5673828125 0.6220703125 0.1337890625 0.068359375
0 0.7265625 0.5576171875 0.1474609375 0.0546875