2 0.578125 0.2939453125 0.187255859375 0.131103515625
2 0.224609375 0.28125 0.2421875 0.12890625
1 0.3271484375 0.0595703125 0.251708984375 0.118896484375
2 0.763671875 0.314453125 0.22216796875 0.11279296875
1 0.6953125 0.07421875 0.269287109375 0.1484375
0 0.5380859375 0.48828125 0.158203125 0.08642578125
0 0.3759765625 0.4736328125 0.154541015625 0.08984375
0 0.2255859375 0.4345703125 0.154296875 0.076171875
0 0.63671875 0.447265625 0.14794921875 0.0703125
0 0.40625 0.41796875 0.12890625 0.03173828125
2 0.3375326640625 0.25469034375 0.32801887109375 0.263665521484375 0.320141462890625 0.280524755859375 0.31448760546875 0.283932416015625 0.2999018515625 0.3088435703125 0.285314671875 0.335948482421875 0.285392845703125 0.346502048828125 0.293173912109375 0.35127983203125 0.3115856875 0.355705880859375 0.370288126953125 0.357421875 0.509765625 0.357421875 0.509765625 0.347198126953125 0.499430728515625 0.331874728515625 0.488156931640625 0.303785318359375 0.491606830078125 0.2794448984375 0.48269452734375 0.2665640546875 0.463600607421875 0.253252353515625 0.396021525390625 0.250824767578125 0.3803801328125 0.250708904296875 0.368149109375 0.25338101171875 0.3375326640625 0.25469034375