2 0.2216796875 0.2177734375 0.2431640625 0.140625
2 0.4775390625 0.2099609375 0.23828125 0.134765625
2 0.7548828125 0.2080078125 0.3017578125 0.1318359375
1 0.5869140625 0.5498046875 0.140625 0.0966796875
0 0.71484375 0.4296875 0.1806640625 0.099609375
1 0.3876953125 0.5517578125 0.126953125 0.09375
0 0.2900390625 0.443359375 0.1904296875 0.0986328125
0 0.4443359375 0.3994140625 0.1650390625 0.09765625
0 0.7216796875 0.3603515625 0.1630859375 0.0654296875
0 0.2666015625 0.365234375 0.1455078125 0.0673828125
0 0.5546875 0.3583984375 0.1650390625 0.0615234375