0 0.548828125 0.5205078125 0.101318359375 0.056396484375
0 0.3408203125 0.521484375 0.099853515625 0.05810546875
0 0.263671875 0.4990234375 0.09716796875 0.056396484375
1 0.3154296875 0.2646484375 0.11328125 0.052734375
2 0.2646484375 0.3984375 0.126953125 0.06201171875
2 0.462890625 0.400390625 0.10595703125 0.05859375
0 0.443359375 0.525390625 0.1015625 0.05078125
1 0.494140625 0.263671875 0.12158203125 0.054931640625
2 0.5712890625 0.400390625 0.119140625 0.05078125
0 0.482421875 0.4931640625 0.08935546875 0.041015625
2 0.3671875 0.4052734375 0.12451171875 0.05078125
0 0.353213732421875 0.492613595703125 0.36619984375 0.495930640625 0.3838618828125 0.505566271484375 0.389304650390625 0.51171875 0.399206806640625 0.51171875 0.41796875 0.49797521484375 0.41796875 0.488925197265625 0.417010029296875 0.48106009765625 0.410478392578125 0.474193244140625 0.3937615703125 0.46717549609375 0.3780053984375 0.464858966796875 0.352094904296875 0.466558212890625 0.33178240625 0.4740689296875 0.32534722265625 0.480222908203125 0.324486880859375 0.48906335546875 0.327283951171875 0.49170867578125 0.353213732421875 0.492613595703125