1 0.3037109375 0.4443359375 0.2275390625 0.1484375
1 0.740234375 0.4267578125 0.337890625 0.16796875
2 0.2265625 0.181640625 0.28515625 0.0986328125
0 0.578125 0.611328125 0.1650390625 0.0927734375
0 0.349609375 0.64453125 0.181640625 0.0966796875
2 0.8369140625 0.19921875 0.3203125 0.0966796875
2 0.515625 0.193359375 0.2822265625 0.091796875
0 0.744140625 0.626953125 0.1787109375 0.0966796875
0 0.29296875 0.5732421875 0.1708984375 0.068359375
0 0.462890625 0.572265625 0.1328125 0.0546875
0 0.6474609375 0.578125 0.1513671875 0.056640625