1 0.24609375 0.3642578125 0.23046875 0.1259765625
0 0.552734375 0.5517578125 0.1748046875 0.09765625
0 0.732421875 0.5625 0.185546875 0.0986328125
1 0.6982421875 0.34765625 0.337890625 0.162109375
0 0.2470703125 0.51171875 0.181640625 0.091796875
0 0.322265625 0.5859375 0.1943359375 0.1015625
2 0.8095703125 0.05859375 0.373046875 0.0654296875
2 0.15234375 0.0458984375 0.2783203125 0.060546875
0 0.42578125 0.505859375 0.14453125 0.0849609375
0 0.6171875 0.5029296875 0.1650390625 0.0859375
2 0.4580078125 0.056640625 0.279296875 0.046875