1 0.9169921875 0.421875 0.099609375 0.10546875
1 0.9384765625 0.5673828125 0.095703125 0.1455078125
2 0.5634765625 0.5595703125 0.158203125 0.0927734375
0 0.25 0.4052734375 0.15234375 0.080078125
0 0.220703125 0.4931640625 0.1640625 0.0869140625
2 0.5302734375 0.390625 0.1826171875 0.0966796875
2 0.587890625 0.65234375 0.1455078125 0.12109375
0 0.3447265625 0.4921875 0.11328125 0.0732421875
0 0.2353515625 0.5791015625 0.1494140625 0.0888671875
0 0.380859375 0.58984375 0.1142578125 0.06640625
2 0.541015625 0.478515625 0.158203125 0.1064453125