1 0.3564453125 0.208984375 0.205078125 0.150390625
1 0.6640625 0.2177734375 0.228515625 0.15234375
2 0.4306640625 0.4189453125 0.197265625 0.1044921875
2 0.583984375 0.4091796875 0.1640625 0.1162109375
2 0.751953125 0.412109375 0.19921875 0.1044921875
0 0.416015625 0.5625 0.138671875 0.0810546875
0 0.5625 0.5712890625 0.146484375 0.080078125
0 0.2763671875 0.5341796875 0.1357421875 0.05859375
0 0.4375 0.5166015625 0.099609375 0.0185546875
2 0.37962962890625 0.352083333984375 0.378703703125 0.3453125 0.3694444453125 0.34375 0.333333333984375 0.347395833984375 0.315740740234375 0.346875 0.217592591796875 0.355208333984375 0.213888888671875 0.358854166015625 0.214814814453125 0.363020833984375 0.20462962890625 0.3734375 0.20092592578125 0.390625 0.184259259765625 0.411458333984375 0.17037037109375 0.4421875 0.1694444453125 0.452083333984375 0.187962962890625 0.456770833984375 0.242592591796875 0.4609375 0.318518517578125 0.456770833984375 0.357407408203125 0.394791666015625 0.37962962890625 0.352083333984375
0 0.7055555546875 0.551041666015625 0.714814814453125 0.540104166015625 0.717592591796875 0.518229166015625 0.714814814453125 0.5125 0.708333333984375 0.510416666015625 0.59907407421875 0.508333333984375 0.586111111328125 0.511458333984375 0.583333333984375 0.518229166015625 0.584259259765625 0.5328125 0.62222222265625 0.5484375 0.637037037109375 0.566145833984375 0.661111111328125 0.567708333984375 0.689814814453125 0.561458333984375 0.7055555546875 0.551041666015625