2 0.306640625 0.4833984375 0.1708984375 0.1162109375
1 0.2607421875 0.2958984375 0.232421875 0.1123046875
0 0.396484375 0.603515625 0.1279296875 0.07421875
2 0.6904296875 0.3837890625 0.197265625 0.0947265625
1 0.4833984375 0.240234375 0.28125 0.09765625
2 0.5419921875 0.41796875 0.19140625 0.0966796875
0 0.5458984375 0.5927734375 0.134765625 0.0771484375
0 0.498046875 0.5419921875 0.115234375 0.0576171875
0 0.66796875 0.5625 0.1337890625 0.076171875
0 0.7001953125 0.505859375 0.1318359375 0.0673828125
0 0.6220703125 0.4931640625 0.0712890625 0.04296875
2 0.537037037109375 0.447395833984375 0.49537037109375 0.430208333984375 0.481481482421875 0.420833333984375 0.4444444453125 0.408333333984375 0.391666666015625 0.427083333984375 0.366666666015625 0.4453125 0.368518517578125 0.45625 0.406481482421875 0.513020833984375 0.434259259765625 0.507291666015625 0.546296296875 0.461979166015625 0.546296296875 0.453125 0.537037037109375 0.447395833984375