1 0.623046875 0.3486328125 0.183837890625 0.1328125
2 0.5380859375 0.529296875 0.189697265625 0.101318359375
2 0.705078125 0.521484375 0.17578125 0.113525390625
1 0.3623046875 0.33984375 0.248291015625 0.12890625
2 0.2490234375 0.4990234375 0.197509765625 0.107177734375
0 0.4033203125 0.6650390625 0.142822265625 0.080078125
0 0.6904296875 0.6474609375 0.134521484375 0.064453125
0 0.546875 0.666015625 0.140625 0.082275390625
0 0.54296875 0.6181640625 0.10546875 0.025390625
2 0.479790267578125 0.457180083984375 0.44541412890625 0.461178755859375 0.41025560546875 0.45995096875 0.394606310546875 0.456509966796875 0.37610860546875 0.45561707421875 0.3510314453125 0.4582394453125 0.349051353515625 0.462889302734375 0.355258458984375 0.4729144609375 0.3556828203125 0.491160552734375 0.350782712890625 0.500962447265625 0.3483300234375 0.52279822265625 0.342231498046875 0.531731626953125 0.34234621875 0.547218806640625 0.369713826171875 0.55345030078125 0.395705263671875 0.556640625 0.443057955078125 0.556640625 0.481006064453125 0.5140015 0.488101083984375 0.49173796875 0.501331603515625 0.48210351953125 0.505549568359375 0.46342966796875 0.50016781640625 0.45706861328125 0.479790267578125 0.457180083984375
0 0.315811265625 0.65234375 0.326635611328125 0.65234375 0.329848 0.65217843359375 0.34225941796875 0.64166768359375 0.352620166015625 0.63681798046875 0.39656659765625 0.625323853515625 0.3980736171875 0.608699654296875 0.394535759765625 0.603885751953125 0.378006484375 0.59966048046875 0.30586576171875 0.59375 0.275349267578125 0.59375 0.2706099765625 0.597473564453125 0.267578125 0.60584325 0.267578125 0.622070515625 0.27216821484375 0.632445083984375 0.293886126953125 0.6472745625 0.315811265625 0.65234375