1 0.1923828125 0.6640625 0.248046875 0.1962890625
0 0.7109375 0.4501953125 0.2783203125 0.14453125
0 0.4873046875 0.373046875 0.220703125 0.12890625
1 0.5126953125 0.669921875 0.201171875 0.19140625
0 0.1005859375 0.431640625 0.2001953125 0.1455078125
0 0.30078125 0.4140625 0.244140625 0.1357421875
0 0.0927734375 0.3505859375 0.185546875 0.0888671875
0 0.71875 0.3720703125 0.240234375 0.0791015625
1 0.09765625 0.044921875 0.1953125 0.0380859375
2 0.337037037109375 0.076041666015625 0.366666666015625 0.076041666015625 0.3768518515625 0.073958333984375 0.4944444453125 0.08125 0.5231481484375 0.08125 0.52592592578125 0.078645833984375 0.509259259765625 0.066666666015625 0.49722222265625 0.063020833984375 0.466666666015625 0.063541666015625 0.439814814453125 0.059895833984375 0.332407408203125 0.057291666015625 0.2731481484375 0.053125 0.2481481484375 0.056770833984375 0.242592591796875 0.059895833984375 0.240740740234375 0.065104166015625 0.246296296875 0.067708333984375 0.262037037109375 0.0703125 0.264814814453125 0.06875 0.287037037109375 0.069270833984375 0.337037037109375 0.076041666015625
2 0.878703703125 0.101041666015625 0.9231481484375 0.102083333984375 0.956481482421875 0.0984375 0.978703703125 0.088020833984375 0.97777777734375 0.083333333984375 0.958333333984375 0.080208333984375 0.8981481484375 0.060416666015625 0.868518517578125 0.059375 0.8444444453125 0.061458333984375 0.810185185546875 0.056770833984375 0.661111111328125 0.0734375 0.6194444453125 0.084375 0.6194444453125 0.086458333984375 0.6268518515625 0.088541666015625 0.72037037109375 0.093229166015625 0.75462962890625 0.096875 0.796296296875 0.0953125 0.878703703125 0.101041666015625