2 0.328125 0.5791015625 0.1689453125 0.087890625
0 0.4619140625 0.732421875 0.1357421875 0.083984375
2 0.59375 0.576171875 0.14453125 0.083984375
0 0.3310546875 0.7080078125 0.126953125 0.0771484375
2 0.7470703125 0.5712890625 0.1796875 0.076171875
1 0.6328125 0.4072265625 0.189453125 0.07421875
0 0.603515625 0.7353515625 0.140625 0.0810546875
1 0.4013671875 0.41015625 0.15234375 0.0712890625
0 0.4755859375 0.6748046875 0.12109375 0.0537109375
0 0.6455078125 0.666015625 0.1103515625 0.0419921875
2 0.543518517578125 0.602083333984375 0.541666666015625 0.591145833984375 0.5305555546875 0.574479166015625 0.52592592578125 0.556770833984375 0.518518517578125 0.549479166015625 0.50092592578125 0.540104166015625 0.465740740234375 0.545833333984375 0.45462962890625 0.545833333984375 0.409259259765625 0.556770833984375 0.39722222265625 0.5703125 0.378703703125 0.605208333984375 0.37592592578125 0.619270833984375 0.383333333984375 0.621875 0.436111111328125 0.617708333984375 0.459259259765625 0.613020833984375 0.538888888671875 0.608333333984375 0.543518517578125 0.602083333984375
0 0.7268518515625 0.728645833984375 0.737962962890625 0.719270833984375 0.74537037109375 0.7015625 0.742592591796875 0.683333333984375 0.737962962890625 0.6765625 0.72407407421875 0.6671875 0.70462962890625 0.6609375 0.689814814453125 0.6625 0.6768518515625 0.6609375 0.640740740234375 0.664583333984375 0.628703703125 0.670833333984375 0.617592591796875 0.6859375 0.6194444453125 0.697395833984375 0.656481482421875 0.711458333984375 0.668518517578125 0.721875 0.675 0.736458333984375 0.69907407421875 0.7375 0.7268518515625 0.728645833984375