2 0.7626953125 0.556640625 0.193603515625 0.152099609375
1 0.7822265625 0.34375 0.263671875 0.148681640625
2 0.2822265625 0.4599609375 0.236328125 0.119384765625
1 0.49609375 0.28515625 0.339599609375 0.129150390625
2 0.4599609375 0.4921875 0.228271484375 0.11767578125
0 0.5068359375 0.69140625 0.161865234375 0.09765625
0 0.685546875 0.6943359375 0.152587890625 0.0859375
0 0.3056640625 0.5986328125 0.1484375 0.07421875
0 0.3544921875 0.6650390625 0.161865234375 0.091796875
0 0.5400390625 0.6328125 0.123046875 0.04638671875
2 0.530596654296875 0.567000236328125 0.568936380859375 0.577410697265625 0.57744640625 0.58238806640625 0.5839421171875 0.5827305 0.5905832421875 0.587238138671875 0.59987321484375 0.58802483984375 0.612121041015625 0.593941671875 0.651982521484375 0.6015625 0.656510265625 0.6015625 0.672378625 0.595410685546875 0.6749365859375 0.5890865 0.67482587109375 0.55938394921875 0.688032099609375 0.513159328125 0.6868340859375 0.505375029296875 0.64727816796875 0.486659615234375 0.61844653515625 0.483283666015625 0.585658978515625 0.472720443359375 0.58010680859375 0.472873201171875 0.549008041015625 0.484151849609375 0.521339724609375 0.51409754296875 0.48766481640625 0.5311797265625 0.467743095703125 0.544235458984375 0.46484375 0.54806980078125 0.46484375 0.551220041015625 0.46807028125 0.553607171875 0.48861001171875 0.558253564453125 0.510020572265625 0.56131254296875 0.519401427734375 0.564702498046875 0.52772968359375 0.564473361328125 0.530596654296875 0.567000236328125