1 0.3857421875 0.40234375 0.2255859375 0.1083984375
2 0.7333984375 0.6171875 0.2001953125 0.09765625
2 0.515625 0.607421875 0.267578125 0.0947265625
1 0.7138671875 0.4306640625 0.1904296875 0.1162109375
2 0.3251953125 0.580078125 0.2529296875 0.1005859375
0 0.6982421875 0.7666015625 0.154296875 0.08984375
0 0.314453125 0.6923828125 0.1494140625 0.0537109375
2 0.375 0.76953125 0.2607421875 0.0791015625
0 0.5546875 0.740234375 0.146484375 0.0869140625
0 0.4560546875 0.7001953125 0.1162109375 0.0419921875
0 0.625 0.7177734375 0.1279296875 0.04296875