1 0.180174546875 0.265628994140625 0.15711320703125 0.268348091796875 0.13234655859375 0.27528331640625 0.12782880859375 0.278534521484375 0.136811431640625 0.297048806640625 0.179508626953125 0.3526795 0.196342685546875 0.369140625 0.209389171875 0.369140625 0.363255751953125 0.336158681640625 0.373046875 0.33067381640625 0.373046875 0.32510212109375 0.3672281953125 0.31728795703125 0.351042623046875 0.3047045078125 0.336871365234375 0.2967559921875 0.31587721484375 0.279093333984375 0.312157591796875 0.2786745234375 0.288296470703125 0.258484990234375 0.26654055078125 0.2455336484375 0.253585484375 0.245890083984375 0.2012215703125 0.25827495703125 0.180174546875 0.265628994140625
1 0.531619416015625 0.3049183203125 0.632747080078125 0.286370314453125 0.651312259765625 0.282006720703125 0.654296875 0.279149466796875 0.654296875 0.268799798828125 0.651474462890625 0.26586334765625 0.4820385078125 0.203125 0.472919271484375 0.203125 0.35647716015625 0.224255642578125 0.350890337890625 0.227283208984375 0.350858943359375 0.230407734375 0.356288794921875 0.243002787109375 0.36453821875 0.2514802890625 0.400413041015625 0.2755444453125 0.46736021484375 0.3125 0.47331434765625 0.3125 0.490801125 0.312018607421875 0.531619416015625 0.3049183203125
2 0.269466126953125 0.572265625 0.274521140625 0.571380353515625 0.321644599609375 0.5562880859375 0.325087298828125 0.5528521796875 0.358407302734375 0.539489259765625 0.358776599609375 0.539059853515625 0.35890098828125 0.5222671875 0.3463518828125 0.50501436328125 0.339493166015625 0.47739988671875 0.329898107421875 0.4620417890625 0.324793392578125 0.444723640625 0.323227513671875 0.443359375 0.302124361328125 0.443359375 0.2933698359375 0.44694858203125 0.1796875 0.5002199296875 0.1796875 0.500452435546875 0.19526179296875 0.533376513671875 0.198811357421875 0.554488021484375 0.205346564453125 0.566456255859375 0.21226462109375 0.571598724609375 0.2326537265625 0.57086103125 0.2487963671875 0.572265625 0.269466126953125 0.572265625
0 0.6494140625 0.6103515625 0.1484375 0.083984375
0 0.3505859375 0.6396484375 0.140625 0.08203125
0 0.51171875 0.6357421875 0.148193359375 0.087646484375
0 0.47265625 0.5810546875 0.125 0.056396484375
0 0.6943359375 0.5517578125 0.138671875 0.07421875
0 0.609375 0.5400390625 0.058349609375 0.02734375
2 0.454336658203125 0.52352596484375 0.5390625 0.49793462109375 0.5390625 0.48933111328125 0.53489221484375 0.48587421875 0.505262583984375 0.4712090078125 0.495077400390625 0.4697973984375 0.471929251953125 0.448265333984375 0.4368194765625 0.43359375 0.434315607421875 0.43359375 0.376558880859375 0.449678228515625 0.343225548828125 0.467880390625 0.341373697265625 0.47728282421875 0.360818142578125 0.52491142578125 0.3626699921875 0.53790482421875 0.370077400390625 0.546128419921875 0.372778013671875 0.546739451171875 0.381714607421875 0.546607056640625 0.4089662890625 0.541385619140625 0.454336658203125 0.52352596484375
2 0.57069425 0.495922380859375 0.595101484375 0.48974773046875 0.602623330078125 0.485079287109375 0.620340443359375 0.47991684375 0.640625 0.466406240234375 0.640625 0.462420958984375 0.6266971640625 0.44763641015625 0.591800310546875 0.399098435546875 0.5903080703125 0.392578125 0.565413451171875 0.392578125 0.5595573984375 0.392762220703125 0.506380169921875 0.4092913359375 0.438599455078125 0.4174471171875 0.4383405078125 0.427864892578125 0.458407357421875 0.439899107421875 0.471276041015625 0.443579548828125 0.492922328125 0.4665573125 0.551603521484375 0.49609375 0.55912682421875 0.49609375 0.57069425 0.495922380859375
2 0.633600423828125 0.451257986328125 0.655778822265625 0.46857044921875 0.656417185546875 0.46875 0.67839479296875 0.46875 0.716458677734375 0.45869996484375 0.7573794375 0.442887068359375 0.810627248046875 0.41403665234375 0.818359375 0.407356802734375 0.818359375 0.405411841796875 0.814682123046875 0.402392416015625 0.80355763671875 0.402342060546875 0.738168611328125 0.39207434765625 0.716619615234375 0.374987099609375 0.68654041015625 0.3665327890625 0.661170318359375 0.3906419296875 0.64818229296875 0.390393072265625 0.606737509765625 0.401876427734375 0.613808353515625 0.42602229296875 0.633600423828125 0.451257986328125