2 0.392578125 0.3740234375 0.1884765625 0.1025390625
2 0.0859375 0.369140625 0.171875 0.103515625
0 0.375 0.556640625 0.1669921875 0.087890625
1 0.427734375 0.1357421875 0.216796875 0.0888671875
0 0.486328125 0.5205078125 0.146484375 0.0869140625
2 0.55859375 0.3779296875 0.1962890625 0.0859375
0 0.2099609375 0.5498046875 0.1533203125 0.09375
1 0.119140625 0.1259765625 0.2373046875 0.0849609375
0 0.0732421875 0.5166015625 0.146484375 0.0849609375
0 0.2587890625 0.4853515625 0.142578125 0.0634765625
2 0.296296296875 0.411458333984375 0.30462962890625 0.4046875 0.30462962890625 0.396354166015625 0.29537037109375 0.371875 0.3 0.352604166015625 0.296296296875 0.341666666015625 0.27222222265625 0.327083333984375 0.215740740234375 0.331770833984375 0.193518517578125 0.3375 0.157407408203125 0.340104166015625 0.140740740234375 0.356770833984375 0.137962962890625 0.366666666015625 0.1305555546875 0.375 0.12777777734375 0.377083333984375 0.118518517578125 0.3765625 0.110185185546875 0.388020833984375 0.088888888671875 0.4046875 0.089814814453125 0.414583333984375 0.12962962890625 0.41875 0.153703703125 0.413541666015625 0.22962962890625 0.408854166015625 0.25 0.408333333984375 0.296296296875 0.411458333984375