2 0.6865234375 0.3359375 0.1845703125 0.134765625
2 0.6865234375 0.4765625 0.171875 0.1279296875
1 0.357421875 0.5869140625 0.291015625 0.1513671875
2 0.6904296875 0.6298828125 0.1728515625 0.1728515625
1 0.310546875 0.3759765625 0.26953125 0.1025390625
0 0.0361328125 0.40234375 0.0712890625 0.09375
0 0.109375 0.4501953125 0.0693359375 0.068359375
0 0.064453125 0.6083984375 0.12890625 0.091796875
0 0.072265625 0.5185546875 0.1435546875 0.091796875
0 0.0947265625 0.361328125 0.0927734375 0.091796875
0 0.1181640625 0.5595703125 0.0595703125 0.0595703125