1 0.25 0.3232421875 0.171630859375 0.080322265625
2 0.2734375 0.529296875 0.152099609375 0.11328125
2 0.4404296875 0.517578125 0.181640625 0.09814453125
0 0.51171875 0.673828125 0.14892578125 0.089599609375
2 0.7177734375 0.458984375 0.200927734375 0.090087890625
0 0.361328125 0.6708984375 0.140625 0.08203125
0 0.4931640625 0.6103515625 0.130615234375 0.064208984375
1 0.501953125 0.2841796875 0.234130859375 0.072021484375
0 0.654296875 0.6533203125 0.15283203125 0.084228515625
0 0.662109375 0.57421875 0.113525390625 0.06640625
2 0.468005826171875 0.466488828125 0.4780676328125 0.470216728515625 0.494020478515625 0.489929314453125 0.507510046875 0.501157294921875 0.52078453125 0.51810437109375 0.51418958984375 0.520836716796875 0.51405271875 0.524476142578125 0.521299296875 0.52907794921875 0.52308668359375 0.529296875 0.55947785546875 0.529296875 0.57048103515625 0.52836987890625 0.638066115234375 0.50687612890625 0.638671875 0.503646986328125 0.638671875 0.500047478515625 0.624120443359375 0.48311481640625 0.615570595703125 0.4638446953125 0.61426732421875 0.44917638671875 0.618164353515625 0.444198443359375 0.61461927734375 0.439817869140625 0.579474583984375 0.4371962265625 0.513108169921875 0.450946521484375 0.477826607421875 0.451964302734375 0.46847509375 0.4540108046875 0.468005826171875 0.466488828125