1 0.62134115234375 0.364136583984375 0.6954420546875 0.365234375 0.80974227734375 0.365234375 0.814453125 0.364155546875 0.814453125 0.361188482421875 0.81233103125 0.35458353515625 0.759321994140625 0.2703340078125 0.74888073046875 0.259943119140625 0.69699169140625 0.25799644921875 0.690043904296875 0.255859375 0.6864581015625 0.255859375 0.678465439453125 0.2575244453125 0.60548459765625 0.25667776953125 0.605747912109375 0.29222540234375 0.612277234375 0.313437966796875 0.614057416015625 0.34781417578125 0.62134115234375 0.364136583984375
1 0.260591001953125 0.337906345703125 0.262749703125 0.34512894140625 0.2543136796875 0.3647111796875 0.254583841796875 0.37109375 0.398336533203125 0.37109375 0.40365498828125 0.368877859375 0.41114409765625 0.37070140625 0.4250209375 0.37021669140625 0.43977883203125 0.368658630859375 0.44614452734375 0.3658298515625 0.44821437109375 0.305288416015625 0.446055185546875 0.254277841796875 0.445334265625 0.25390625 0.385202544921875 0.25390625 0.378411078125 0.2540342109375 0.34799219921875 0.2577031640625 0.298057615234375 0.259968654296875 0.275106298828125 0.308728619140625 0.272066783203125 0.324473357421875 0.260591001953125 0.337906345703125
2 0.659391009765625 0.45626578125 0.653046267578125 0.4589999453125 0.63817047265625 0.457735271484375 0.5966025078125 0.459614080078125 0.595840525390625 0.460867091796875 0.595960576171875 0.46897054296875 0.5961695 0.469527607421875 0.624466736328125 0.4986728203125 0.638805970703125 0.507767875 0.649323322265625 0.533100306640625 0.669396859375 0.552271822265625 0.68416859375 0.552490662109375 0.689152166015625 0.5521087265625 0.74307306640625 0.537991380859375 0.781711052734375 0.53304367578125 0.81683072265625 0.531815890625 0.827159767578125 0.534735943359375 0.837890625 0.533216171875 0.837890625 0.531878216796875 0.828647099609375 0.52740773828125 0.7632109140625 0.458869056640625 0.7621762890625 0.455078125 0.741360455078125 0.455078125 0.738982736328125 0.455707296875 0.73172378125 0.455078125 0.71718599609375 0.455078125 0.71131390625 0.457827810546875 0.67801811328125 0.4584976015625 0.659391009765625 0.45626578125
2 0.41478323046875 0.522843095703125 0.468367333984375 0.539784541015625 0.535810912109375 0.56480977734375 0.54387659375 0.56492926953125 0.583984619140625 0.5581658828125 0.59602165625 0.5583442109375 0.613652828125 0.553396509765625 0.639682921875 0.53971809765625 0.64346764453125 0.528835466796875 0.636133537109375 0.518829892578125 0.47269065234375 0.462890625 0.450741642578125 0.462890625 0.4178657890625 0.481738416015625 0.397437548828125 0.4892491328125 0.384765625 0.496631744140625 0.384765625 0.501872923828125 0.397267796875 0.512165798828125 0.41478323046875 0.522843095703125
2 0.25528922265625 0.45411301953125 0.220066994140625 0.45437392578125 0.217832455078125 0.45960041015625 0.22097683984375 0.46866857421875 0.22979605078125 0.4760038828125 0.22742802734375 0.48420573046875 0.217406951171875 0.496104265625 0.213822431640625 0.5089268671875 0.191942740234375 0.527012400390625 0.191991037109375 0.533532529296875 0.27823678515625 0.556640625 0.383329783203125 0.556640625 0.382522623046875 0.496506447265625 0.388671875 0.4817663046875 0.388671875 0.47022515234375 0.280999404296875 0.458328892578125 0.2599063984375 0.454401533203125 0.25528922265625 0.45411301953125
2 0.669736431640625 0.716796875 0.712819251953125 0.716796875 0.727802408203125 0.71414305859375 0.7315583515625 0.708972052734375 0.730758025390625 0.6964630390625 0.7199454140625 0.666664599609375 0.708960134765625 0.654053263671875 0.692314779296875 0.651802541015625 0.649065501953125 0.651004876953125 0.625763939453125 0.65117748046875 0.613597193359375 0.652574337890625 0.5172926484375 0.65264857421875 0.48184665625 0.678336169921875 0.48046875 0.69055959765625 0.48046875 0.708766060546875 0.480612041015625 0.709055326171875 0.51392891015625 0.71095266015625 0.536899703125 0.716796875 0.6289974375 0.716796875 0.64537073828125 0.7159192890625 0.669736431640625 0.716796875
0 0.6695236328125 0.640625 0.7062158125 0.640625 0.73296826171875 0.631592833984375 0.751222505859375 0.6215772578125 0.760163451171875 0.60980276171875 0.760673740234375 0.59467548046875 0.758415908203125 0.59375 0.718799685546875 0.59375 0.628226833984375 0.5961733359375 0.615234375 0.599077359375 0.615234375 0.615931166015625 0.619658240234375 0.62148125 0.652541201171875 0.638047794921875 0.6695236328125 0.640625
0 0.5967217109375 0.6177878671875 0.605468033203125 0.6062363984375 0.606647873046875 0.598998970703125 0.603000953125 0.597254134765625 0.541683931640625 0.59375 0.494140625 0.59375 0.494140625 0.602090154296875 0.495204556640625 0.604921587890625 0.516867935546875 0.6216335546875 0.526030671875 0.624695021484375 0.536031119140625 0.6261086328125 0.575469408203125 0.626692904296875 0.5967217109375 0.6177878671875
0 0.47837396484375 0.678528595703125 0.508352015625 0.66130697265625 0.516758658203125 0.64727587890625 0.516815939453125 0.633183044921875 0.510895220703125 0.62493744921875 0.49059541796875 0.609943216796875 0.45788825390625 0.59982453125 0.437567505859375 0.59840356640625 0.39971240234375 0.608809109375 0.3792617109375 0.62252010546875 0.37890625 0.624266947265625 0.37890625 0.644087927734375 0.3817728359375 0.65297780078125 0.40285098046875 0.6701148828125 0.423623091796875 0.678354775390625 0.4431759765625 0.681640625 0.4633579375 0.681640625 0.47837396484375 0.678528595703125
0 0.372471673828125 0.62983687109375 0.3745488359375 0.629867642578125 0.382902068359375 0.62049436328125 0.404729826171875 0.6059866328125 0.442436015625 0.596370466796875 0.4424179375 0.59571300390625 0.441751111328125 0.595703125 0.340650857421875 0.595703125 0.332217865234375 0.595980568359375 0.326171875 0.5978171796875 0.326171875 0.60668387890625 0.331750541015625 0.6126643046875 0.352314263671875 0.619545982421875 0.372471673828125 0.62983687109375
0 0.331929849609375 0.6863646484375 0.35718797265625 0.67441765625 0.36784399609375 0.666475107421875 0.37640253125 0.654483833984375 0.373527271484375 0.637437169921875 0.365510666015625 0.627481287109375 0.346371375 0.617669185546875 0.3236904453125 0.610677908203125 0.29115334765625 0.609494201171875 0.256465578125 0.618874771484375 0.237739763671875 0.6314744375 0.229056779296875 0.641386041015625 0.228515625 0.64694967578125 0.228515625 0.64930369140625 0.22865483203125 0.668096703125 0.23292759765625 0.675070068359375 0.2465211015625 0.685214021484375 0.27734856640625 0.693359375 0.309692162109375 0.693359375 0.331929849609375 0.6863646484375