1 0.3037109375 0.4443359375 0.228271484375 0.1484375
1 0.740234375 0.4267578125 0.33935546875 0.16796875
2 0.2265625 0.181640625 0.28515625 0.097900390625
0 0.578125 0.611328125 0.164306640625 0.093505859375
0 0.349609375 0.64453125 0.18310546875 0.097412109375
2 0.8369140625 0.19921875 0.3203125 0.097412109375
2 0.515625 0.193359375 0.281494140625 0.09033203125
0 0.744140625 0.626953125 0.179443359375 0.097412109375
0 0.29296875 0.5732421875 0.171630859375 0.068359375
0 0.462890625 0.572265625 0.1328125 0.0546875
0 0.6474609375 0.578125 0.150634765625 0.05517578125