2 0.1259765625 0.2939453125 0.189697265625 0.142333984375
2 0.1103515625 0.447265625 0.1796875 0.129150390625
2 0.095703125 0.6064453125 0.18359375 0.169677734375
1 0.50390625 0.359375 0.265380859375 0.10107421875
1 0.4423828125 0.572265625 0.298828125 0.144287109375
0 0.744140625 0.6025390625 0.15966796875 0.091552734375
0 0.826171875 0.40625 0.16748046875 0.09375
0 0.7373046875 0.515625 0.162353515625 0.089599609375
0 0.71875 0.359375 0.101318359375 0.08984375
0 0.693359375 0.4462890625 0.077880859375 0.0703125
0 0.6708984375 0.5498046875 0.05859375 0.06640625