1 0.916015625 0.5029296875 0.167724609375 0.150146484375
2 0.5078125 0.5927734375 0.2265625 0.114990234375
2 0.5205078125 0.28515625 0.185546875 0.14111328125
0 0.1875 0.330078125 0.175537109375 0.1015625
0 0.2392578125 0.6025390625 0.1640625 0.0859375
0 0.1640625 0.427734375 0.167724609375 0.09814453125
2 0.4873046875 0.494140625 0.189208984375 0.109619140625
0 0.2783203125 0.5048828125 0.09375 0.0859375
0 0.2783203125 0.4091796875 0.111083984375 0.076416015625
2 0.5126953125 0.396484375 0.200927734375 0.10595703125
0 0.1650390625 0.5234375 0.189208984375 0.09423828125
1 0.9111328125 0.322265625 0.177734375 0.19970703125