1 0.2314453125 0.244140625 0.326171875 0.152099609375
1 0.5009765625 0.201171875 0.365234375 0.13623046875
2 0.2158203125 0.4599609375 0.204833984375 0.138916015625
2 0.6572265625 0.373046875 0.228759765625 0.11279296875
2 0.400390625 0.4521484375 0.222900390625 0.111328125
0 0.552734375 0.513671875 0.12109375 0.051025390625
0 0.421875 0.5966796875 0.1484375 0.088134765625
0 0.2734375 0.591796875 0.136474609375 0.07421875
0 0.4033203125 0.5419921875 0.123291015625 0.045166015625
0 0.673828125 0.529296875 0.15185546875 0.078369140625
0 0.556640625 0.5703125 0.14501953125 0.081787109375
2 0.372469634765625 0.3729027265625 0.37136528515625 0.376317208984375 0.371401587890625 0.381218228515625 0.375320521484375 0.38576266015625 0.43063358203125 0.40487732421875 0.45447775390625 0.42514889453125 0.474146046875 0.42742946875 0.4926108359375 0.438152259765625 0.494899203125 0.443738291015625 0.50055889453125 0.44490944921875 0.4981107578125 0.449259732421875 0.5009363984375 0.451171875 0.515693845703125 0.451171875 0.52877699609375 0.449726109375 0.564098419921875 0.438374525390625 0.5746945625 0.431364677734375 0.598977865234375 0.421307734375 0.607421875 0.414279365234375 0.607421875 0.408567783203125 0.596326927734375 0.399031044921875 0.580190681640625 0.394413853515625 0.555584037109375 0.37628512890625 0.525962025390625 0.33965999609375 0.508921953125 0.33965999609375 0.499908404296875 0.3404798125 0.488268529296875 0.3459955546875 0.441106330078125 0.360265056640625 0.377807884765625 0.369917365234375 0.372469634765625 0.3729027265625