2 0.4619140625 0.638671875 0.291015625 0.09033203125
0 0.5068359375 0.7587890625 0.1328125 0.080322265625
0 0.6630859375 0.763671875 0.170166015625 0.093505859375
0 0.2109375 0.8203125 0.176025390625 0.10888671875
0 0.421875 0.3759765625 0.203369140625 0.119140625
2 0.2119140625 0.634765625 0.236083984375 0.097412109375
2 0.6904296875 0.630859375 0.26171875 0.089599609375
2 0.5693359375 0.857421875 0.3046875 0.078369140625
0 0.3828125 0.806640625 0.16455078125 0.105224609375
1 0.6767578125 0.4052734375 0.216796875 0.056640625
1 0.2021484375 0.4091796875 0.275634765625 0.064453125
0 0.32421875 0.7587890625 0.15576171875 0.076171875