0 0.259860646484375 0.694792083984375 0.26390171875 0.6953125 0.31902919921875 0.6953125 0.32006014453125 0.69517209765625 0.330271255859375 0.692897626953125 0.3563587890625 0.67759492578125 0.357421875 0.667695966796875 0.357421875 0.646392841796875 0.349370140625 0.635706376953125 0.32152498046875 0.641578181640625 0.28165352734375 0.646020369140625 0.267770189453125 0.645051626953125 0.23820403125 0.6378481953125 0.228929287109375 0.6391113046875 0.223342466796875 0.64205576953125 0.225131486328125 0.648362953125 0.249764646484375 0.6856129296875 0.259860646484375 0.694792083984375
0 0.39608890625 0.704304158203125 0.406589728515625 0.70703125 0.456242041015625 0.70703125 0.458570779296875 0.706680044921875 0.479195919921875 0.698078880859375 0.499049369140625 0.68065724609375 0.501953125 0.674284046875 0.501953125 0.651394087890625 0.494359296875 0.63767328125 0.479751568359375 0.6300633046875 0.4550428046875 0.623859875 0.432587388671875 0.622164708984375 0.40431066796875 0.628298361328125 0.367022359375 0.648290994140625 0.36032404296875 0.656719365234375 0.36089962890625 0.67392216015625 0.37065384765625 0.689799107421875 0.39608890625 0.704304158203125
0 0.51763392578125 0.67059300390625 0.537369955078125 0.677493287109375 0.539165107421875 0.677734375 0.586172609375 0.677734375 0.623031794921875 0.666909646484375 0.6346838359375 0.65781442578125 0.638671875 0.64745591796875 0.638671875 0.628913646484375 0.630234 0.618290556640625 0.606489025390625 0.60417369921875 0.57675291015625 0.60164435546875 0.535210525390625 0.604564736328125 0.51968173828125 0.60956809375 0.506179453125 0.618700521484375 0.49824993359375 0.628242107421875 0.497941720703125 0.642842701171875 0.509990587890625 0.66501320703125 0.51763392578125 0.67059300390625
0 0.6197691640625 0.60624770703125 0.64120096484375 0.625401109375 0.66483553515625 0.63630674609375 0.670491953125 0.63671875 0.712771123046875 0.63671875 0.723272478515625 0.635131716796875 0.738316798828125 0.63003422265625 0.75362550390625 0.61869215234375 0.755859375 0.60988825 0.755859375 0.5945067890625 0.753141275390625 0.58635016796875 0.7406522421875 0.57487379296875 0.726158736328125 0.56696175 0.7106079140625 0.562132830078125 0.699572541015625 0.560101658203125 0.661576421875 0.56005687890625 0.633426162109375 0.568248677734375 0.615165826171875 0.58363629296875 0.61375598828125 0.595045515625 0.6197691640625 0.60624770703125
0 0.623046875 0.5741781328125 0.623046875 0.57118612890625 0.616231626953125 0.564883638671875 0.609766740234375 0.564184767578125 0.5100399921875 0.58645180078125 0.505254451171875 0.592051658203125 0.516995109375 0.603515625 0.52579955078125 0.603515625 0.559693072265625 0.599801595703125 0.607767052734375 0.603208109375 0.613778935546875 0.586700046875 0.623046875 0.5741781328125
0 0.475975244140625 0.60824964453125 0.4765625 0.5993689921875 0.4765625 0.59765625 0.458108564453125 0.59765625 0.4575898828125 0.59779923046875 0.373323451171875 0.6284348359375 0.3716214375 0.63066748828125 0.375785353515625 0.63276021484375 0.393855125 0.632492515625 0.412153939453125 0.625666384765625 0.4350277109375 0.620595392578125 0.463064806640625 0.622918431640625 0.475975244140625 0.60824964453125
1 0.1513426484375 0.358683591796875 0.1559878671875 0.360096072265625 0.16069064453125 0.367235369140625 0.16999678125 0.371622193359375 0.175641158203125 0.38029347265625 0.233000396484375 0.42617796484375 0.241210849609375 0.426056328125 0.283459451171875 0.417956904296875 0.352755787109375 0.40113894140625 0.369364515625 0.394874376953125 0.37400450390625 0.3957662421875 0.409467390625 0.3873093515625 0.409566068359375 0.3739880078125 0.40149909375 0.36675655078125 0.358604005859375 0.337934875 0.33999173046875 0.3291612265625 0.243346869140625 0.26953125 0.23583503515625 0.26953125 0.21808080859375 0.271641763671875 0.183890359375 0.27951519140625 0.17462084765625 0.278772701171875 0.160805533203125 0.286509498046875 0.10810745703125 0.29602166015625 0.09889026953125 0.300485365234375 0.09802715234375 0.306762669921875 0.1055495 0.317977296875 0.142904857421875 0.348540080078125 0.1513426484375 0.358683591796875
1 0.67735469140625 0.34166766015625 0.677734375 0.34013601953125 0.677734375 0.325919232421875 0.675063158203125 0.32397833984375 0.4627231796875 0.2370294375 0.358524375 0.25422601953125 0.331835453125 0.2607456328125 0.331052205078125 0.266483970703125 0.341726517578125 0.286172859375 0.500236583984375 0.373046875 0.534621919921875 0.373046875 0.557678525390625 0.3694388046875 0.67735469140625 0.34166766015625
2 0.19159122265625 0.606066947265625 0.19777622265625 0.607421875 0.23938881640625 0.607421875 0.2900773046875 0.59668893359375 0.33203125 0.58353871484375 0.33203125 0.5652221953125 0.32457328515625 0.555427734375 0.29903407421875 0.506937126953125 0.290565724609375 0.477924462890625 0.284272689453125 0.470885322265625 0.276882201171875 0.47005158984375 0.25637576171875 0.4743936875 0.13403359375 0.508811552734375 0.13118518359375 0.511295953125 0.14357075390625 0.53265957421875 0.19159122265625 0.606066947265625
2 0.299181705078125 0.494530423828125 0.29935634375 0.5063184296875 0.321797841796875 0.544330798828125 0.3332572890625 0.555072716796875 0.3423602109375 0.578881966796875 0.3518891640625 0.583984375 0.37520380078125 0.583984375 0.38498571875 0.579700884765625 0.404287736328125 0.575195501953125 0.43255953125 0.561675703125 0.49760107421875 0.539698208984375 0.515625 0.531046916015625 0.515625 0.526678103515625 0.4996046953125 0.515695046875 0.487421361328125 0.511218333984375 0.48168323828125 0.505586998046875 0.4582421171875 0.4966174140625 0.4411285703125 0.482847931640625 0.42892843359375 0.477850466796875 0.3675735546875 0.4705849375 0.3418431328125 0.476765701171875 0.325216921875 0.478098083984375 0.299181705078125 0.494530423828125
2 0.539399607421875 0.425699203125 0.5353266484375 0.421440916015625 0.514657671875 0.4212878125 0.50307762890625 0.424426521484375 0.45691680078125 0.4411734375 0.415468009765625 0.446055021484375 0.402801583984375 0.4507234765625 0.390757103515625 0.451164560546875 0.38671875 0.45282344140625 0.38671875 0.4634719140625 0.401652189453125 0.473270146484375 0.424648095703125 0.482919462890625 0.4273434765625 0.48165948828125 0.44057550390625 0.48477884765625 0.468246181640625 0.50763157421875 0.4822886875 0.5091195078125 0.511052421875 0.52144074609375 0.52382662109375 0.529296875 0.53795301953125 0.529296875 0.54952325390625 0.5267191953125 0.56577094921875 0.520197708984375 0.597267330078125 0.506190232421875 0.61414804296875 0.495360173828125 0.61423379296875 0.48957212890625 0.60838776953125 0.480235083984375 0.59234723828125 0.476818138671875 0.553065486328125 0.4475831875 0.53992750390625 0.43296783203125 0.539399607421875 0.425699203125
2 0.549124208984375 0.431757302734375 0.5494326640625 0.439046412109375 0.564168767578125 0.458969890625 0.577715359375 0.4726710234375 0.584279349609375 0.474575408203125 0.593949189453125 0.484213173828125 0.609918630859375 0.489507513671875 0.619503333984375 0.5 0.65691790234375 0.5 0.690624615234375 0.492499017578125 0.71247503515625 0.483557568359375 0.771484375 0.448394404296875 0.771484375 0.4451330859375 0.770030439453125 0.442879337890625 0.74300359375 0.438931818359375 0.669984771484375 0.420612306640625 0.659411837890625 0.411520650390625 0.655116470703125 0.397564921875 0.645644919921875 0.39261301171875 0.633640359375 0.393464640625 0.609939693359375 0.4024570078125 0.55544583984375 0.427934529296875 0.549124208984375 0.431757302734375