1 0.4697265625 0.32421875 0.2724609375 0.166015625
2 0.6328125 0.5546875 0.19140625 0.140625
2 0.2763671875 0.5166015625 0.283203125 0.1279296875
1 0.8017578125 0.373046875 0.2470703125 0.18359375
2 0.802734375 0.58984375 0.232421875 0.1171875
0 0.353515625 0.7060546875 0.1669921875 0.1005859375
0 0.5205078125 0.7392578125 0.173828125 0.103515625
0 0.2138671875 0.6513671875 0.1630859375 0.0771484375
0 0.642578125 0.7109375 0.1552734375 0.0732421875
0 0.40234375 0.6572265625 0.11328125 0.0341796875
2 0.3694444453125 0.597395833984375 0.386111111328125 0.601041666015625 0.388888888671875 0.599479166015625 0.39722222265625 0.603125 0.4268518515625 0.599479166015625 0.49537037109375 0.603645833984375 0.5305555546875 0.6109375 0.54537037109375 0.609895833984375 0.54722222265625 0.5984375 0.539814814453125 0.577083333984375 0.535185185546875 0.538541666015625 0.540740740234375 0.5296875 0.540740740234375 0.514583333984375 0.5268518515625 0.497395833984375 0.478703703125 0.4921875 0.459259259765625 0.4875 0.40092592578125 0.490104166015625 0.385185185546875 0.506770833984375 0.32592592578125 0.556770833984375 0.313888888671875 0.572916666015625 0.309259259765625 0.580729166015625 0.311111111328125 0.588541666015625 0.341666666015625 0.5921875 0.34537037109375 0.597916666015625 0.359259259765625 0.6015625 0.3694444453125 0.597395833984375