1 0.435546875 0.150390625 0.19921875 0.10546875
2 0.8427734375 0.3544921875 0.21875 0.0947265625
2 0.3603515625 0.376953125 0.1796875 0.1123046875
2 0.5244140625 0.3798828125 0.1982421875 0.1005859375
1 0.7197265625 0.142578125 0.2763671875 0.103515625
0 0.3779296875 0.515625 0.13671875 0.078125
0 0.5234375 0.5400390625 0.1484375 0.0859375
0 0.671875 0.5380859375 0.15234375 0.08203125
0 0.5283203125 0.4765625 0.130859375 0.05078125
0 0.703125 0.4677734375 0.11328125 0.0380859375
0 0.790740740234375 0.5265625 0.807407408203125 0.51875 0.8194444453125 0.505208333984375 0.82222222265625 0.48125 0.818518517578125 0.473958333984375 0.7981481484375 0.458854166015625 0.77777777734375 0.452604166015625 0.757407408203125 0.451041666015625 0.740740740234375 0.4546875 0.7268518515625 0.454166666015625 0.710185185546875 0.457291666015625 0.69537037109375 0.4640625 0.682407408203125 0.480208333984375 0.681481482421875 0.4921875 0.684259259765625 0.494791666015625 0.733333333984375 0.509375 0.75277777734375 0.532291666015625 0.77407407421875 0.530729166015625 0.790740740234375 0.5265625
2 0.614814814453125 0.4109375 0.62592592578125 0.413020833984375 0.662037037109375 0.4125 0.721296296875 0.402083333984375 0.743518517578125 0.3953125 0.743518517578125 0.384375 0.732407408203125 0.369791666015625 0.72777777734375 0.338715103515625 0.735185185546875 0.313541666015625 0.6981481484375 0.309375 0.637962962890625 0.317708333984375 0.614814814453125 0.316666666015625 0.607407408203125 0.318229166015625 0.6018518515625 0.316666666015625 0.590740740234375 0.323958333984375 0.583333333984375 0.342708333984375 0.5944444453125 0.366145833984375 0.618518517578125 0.394270833984375 0.616666666015625 0.403125 0.611111111328125 0.4078125 0.614814814453125 0.4109375