2 0.3046875 0.5234375 0.1484375 0.11767578125
0 0.4453125 0.6533203125 0.13671875 0.080322265625
1 0.1826171875 0.328125 0.161865234375 0.09375
2 0.4521484375 0.494140625 0.177734375 0.10595703125
2 0.69140625 0.396484375 0.18701171875 0.09716796875
0 0.595703125 0.6318359375 0.15283203125 0.0859375
0 0.724609375 0.5908203125 0.15625 0.084228515625
0 0.6875 0.513671875 0.105712890625 0.06689453125
1 0.4033203125 0.2578125 0.232177734375 0.077880859375
2 0.47097475 0.438442505859375 0.49297656640625 0.455644177734375 0.529866103515625 0.472320583984375 0.524521119140625 0.4823889296875 0.5168774375 0.48550916796875 0.517378712890625 0.48828125 0.543032080078125 0.48828125 0.5784573203125 0.480939466796875 0.6266390703125 0.45559287890625 0.6328125 0.449554486328125 0.6328125 0.441026134765625 0.619742966796875 0.434748556640625 0.58955805859375 0.4018336171875 0.587550009765625 0.390728994140625 0.583222310546875 0.386249529296875 0.54391951171875 0.390810681640625 0.489235734375 0.41622470703125 0.4536276171875 0.421044216796875 0.452973650390625 0.43039637890625 0.459076029296875 0.436044150390625 0.47097475 0.438442505859375
0 0.55988198828125 0.58784209765625 0.589342064453125 0.58295271875 0.6125844921875 0.58416959375 0.615234375 0.581950412109375 0.615234375 0.570473912109375 0.613568515625 0.5648220234375 0.604634830078125 0.551801943359375 0.592211728515625 0.543682353515625 0.5710658828125 0.5390625 0.55049356640625 0.5390625 0.541008171875 0.539445474609375 0.517215220703125 0.546602591796875 0.4928015234375 0.5605739453125 0.48318808203125 0.57366036328125 0.484698236328125 0.586602994140625 0.4924962578125 0.594999126953125 0.514505466796875 0.60719263671875 0.52606973046875 0.6071069765625 0.543512568359375 0.5950766640625 0.55988198828125 0.58784209765625
0 0.74434290234375 0.548645845703125 0.759953037109375 0.55178139453125 0.78515964453125 0.56640625 0.815865646484375 0.56640625 0.830078125 0.5522213515625 0.830078125 0.527965240234375 0.822154630859375 0.515803544921875 0.801596236328125 0.5008613046875 0.7842458203125 0.495522578125 0.751012685546875 0.492245466796875 0.7286573671875 0.49387197265625 0.700290716796875 0.503960697265625 0.6884316015625 0.517766845703125 0.6881296328125 0.541216208984375 0.7045281328125 0.5470124921875 0.74434290234375 0.548645845703125