2 0.6630859375 0.28125 0.34375 0.15234375
2 0.177734375 0.416015625 0.2880859375 0.1708984375
2 0.4150390625 0.345703125 0.3046875 0.1630859375
0 0.39453125 0.595703125 0.193359375 0.103515625
0 0.294921875 0.52734375 0.15234375 0.0712890625
1 0.73828125 0.630859375 0.1982421875 0.103515625
0 0.7763671875 0.482421875 0.1904296875 0.099609375
1 0.5458984375 0.6787109375 0.171875 0.1083984375
0 0.4921875 0.5185546875 0.1708984375 0.09765625
0 0.724609375 0.421875 0.1708984375 0.076171875
0 0.5556640625 0.4521484375 0.1552734375 0.0615234375