2 0.736328125 0.330078125 0.1923828125 0.0810546875
0 0.4052734375 0.4892578125 0.140625 0.0869140625
0 0.2646484375 0.45703125 0.138671875 0.078125
1 0.3515625 0.091796875 0.2080078125 0.0888671875
2 0.57421875 0.3212890625 0.158203125 0.09765625
1 0.6455078125 0.1064453125 0.208984375 0.0966796875
2 0.416015625 0.3193359375 0.1923828125 0.083984375
0 0.4287109375 0.4287109375 0.126953125 0.0615234375
0 0.544921875 0.498046875 0.1435546875 0.080078125
0 0.6376953125 0.4619140625 0.1337890625 0.08203125
2 0.308333333984375 0.352083333984375 0.32592592578125 0.320833333984375 0.3518518515625 0.302083333984375 0.371296296875 0.268229166015625 0.366666666015625 0.265104166015625 0.339814814453125 0.268229166015625 0.3194444453125 0.267708333984375 0.282407408203125 0.272395833984375 0.27037037109375 0.276041666015625 0.25092592578125 0.275 0.237962962890625 0.278125 0.217592591796875 0.278645833984375 0.20277777734375 0.2890625 0.190740740234375 0.306770833984375 0.17407407421875 0.322395833984375 0.1694444453125 0.331770833984375 0.17222222265625 0.340625 0.19537037109375 0.35625 0.206481482421875 0.359375 0.27222222265625 0.3609375 0.303703703125 0.3546875 0.308333333984375 0.352083333984375
0 0.6194444453125 0.427604166015625 0.65 0.423958333984375 0.660185185546875 0.428125 0.67037037109375 0.427604166015625 0.6694444453125 0.414583333984375 0.660185185546875 0.408333333984375 0.562037037109375 0.405208333984375 0.556481482421875 0.407291666015625 0.5518518515625 0.414583333984375 0.5518518515625 0.434895833984375 0.557407408203125 0.441666666015625 0.5694444453125 0.4484375 0.591666666015625 0.43125 0.60277777734375 0.427083333984375 0.6194444453125 0.427604166015625