2 0.3623046875 0.36328125 0.197021484375 0.12109375
1 0.275390625 0.1162109375 0.3046875 0.142578125
1 0.6201171875 0.1240234375 0.240234375 0.142578125
2 0.1591796875 0.3544921875 0.2421875 0.115478515625
2 0.7060546875 0.3701171875 0.216796875 0.130859375
0 0.548828125 0.5498046875 0.15625 0.095458984375
0 0.6826171875 0.515625 0.150634765625 0.077880859375
0 0.228515625 0.5390625 0.1640625 0.09326171875
0 0.390625 0.552734375 0.16357421875 0.086181640625
0 0.3408203125 0.49609375 0.142822265625 0.066162109375
0 0.5107421875 0.4921875 0.146240234375 0.050537109375
2 0.545080796875 0.422909158203125 0.56499967578125 0.423828125 0.598362322265625 0.423828125 0.6092258984375 0.4220979453125 0.63528013671875 0.422046619140625 0.637063416015625 0.41898274609375 0.637063416015625 0.407806341796875 0.63677632421875 0.407254513671875 0.63000175 0.40428781640625 0.63001628125 0.393829873046875 0.620185806640625 0.366603130859375 0.599164849609375 0.328496291015625 0.54716169140625 0.31917735546875 0.515618431640625 0.32031305078125 0.503763380859375 0.323094330078125 0.47457878515625 0.3192833203125 0.45117190625 0.338931080078125 0.444882134765625 0.35212229296875 0.443476736328125 0.36795075390625 0.416015625 0.414266712890625 0.416015625 0.4178133359375 0.4187847578125 0.423828125 0.4541511015625 0.423828125 0.45944807421875 0.4227816953125 0.47073406640625 0.423828125 0.506972984375 0.423828125 0.545080796875 0.422909158203125