2 0.505859375 0.2568359375 0.293212890625 0.12890625
2 0.236328125 0.2958984375 0.26953125 0.126708984375
2 0.8076171875 0.216796875 0.376953125 0.12109375
1 0.42578125 0.52734375 0.207275390625 0.172119140625
1 0.8056640625 0.4453125 0.243896484375 0.2109375
0 0.548828125 0.7109375 0.187744140625 0.10205078125
0 0.7373046875 0.6396484375 0.171875 0.095703125
0 0.91015625 0.623046875 0.17236328125 0.097412109375
0 0.4375 0.6533203125 0.167724609375 0.068115234375
0 0.591796875 0.623046875 0.133056640625 0.05078125
0 0.787109375 0.591796875 0.12109375 0.04345703125