1 0 0.402083333984375 0.012962962890625 0.406770833984375 0.05 0.408854166015625 0.056481482421875 0.411458333984375 0.0731481484375 0.409895833984375 0.10462962890625 0.414583333984375 0.157407408203125 0.416145833984375 0.188888888671875 0.397395833984375 0.281481482421875 0.322916666015625 0.285185185546875 0.3125 0.2768518515625 0.3078125 0.264814814453125 0.3078125 0.238888888671875 0.3109375 0.07037037109375 0.319791666015625 0.046296296875 0.324479166015625 0.02407407421875 0.338541666015625 0 0.355208333984375 0 0.402083333984375
1 0 0.547916666015625 0.0444444453125 0.515625 0.09722222265625 0.470833333984375 0.096296296875 0.466666666015625 0.083333333984375 0.461979166015625 0.04537037109375 0.455208333984375 0.003703703125 0.4515625 0 0.4515625 0 0.547916666015625
2 0.22037037109375 0.745833333984375 0.2268518515625 0.746354166015625 0.283333333984375 0.730208333984375 0.318518517578125 0.695833333984375 0.338888888671875 0.6640625 0.332407408203125 0.658854166015625 0.27777777734375 0.6359375 0.2518518515625 0.619791666015625 0.243518517578125 0.618229166015625 0.20092592578125 0.591145833984375 0.186111111328125 0.5875 0.17777777734375 0.5921875 0.1194444453125 0.677604166015625 0.115740740234375 0.6890625 0.136111111328125 0.701041666015625 0.160185185546875 0.709375 0.181481482421875 0.725520833984375 0.20462962890625 0.738541666015625 0.22037037109375 0.745833333984375
2 0.328703703125 0.655208333984375 0.337962962890625 0.6609375 0.3518518515625 0.664583333984375 0.360185185546875 0.664583333984375 0.387037037109375 0.633333333984375 0.410185185546875 0.593229166015625 0.442592591796875 0.559895833984375 0.44537037109375 0.55 0.442592591796875 0.546354166015625 0.437037037109375 0.5453125 0.3268518515625 0.5375 0.312962962890625 0.538020833984375 0.306481482421875 0.540625 0.27222222265625 0.5390625 0.239814814453125 0.577604166015625 0.234259259765625 0.5984375 0.236111111328125 0.611458333984375 0.264814814453125 0.623958333984375 0.27777777734375 0.634375 0.30092592578125 0.645833333984375 0.328703703125 0.655208333984375
2 0.3694444453125 0.54375 0.388888888671875 0.543229166015625 0.410185185546875 0.545833333984375 0.436111111328125 0.544791666015625 0.4481481484375 0.5515625 0.44907407421875 0.557291666015625 0.47037037109375 0.54375 0.491666666015625 0.5203125 0.50277777734375 0.499479166015625 0.5055555546875 0.483854166015625 0.487962962890625 0.478125 0.471296296875 0.478125 0.40092592578125 0.463020833984375 0.3805555546875 0.45625 0.365740740234375 0.445833333984375 0.362037037109375 0.446354166015625 0.337037037109375 0.458854166015625 0.310185185546875 0.491145833984375 0.264814814453125 0.519270833984375 0.261111111328125 0.526041666015625 0.271296296875 0.533854166015625 0.278703703125 0.5359375 0.32592592578125 0.534895833984375 0.3518518515625 0.541666666015625 0.3694444453125 0.54375
2 0.484259259765625 0.4765625 0.510185185546875 0.483854166015625 0.517592591796875 0.483854166015625 0.52592592578125 0.478645833984375 0.567592591796875 0.431770833984375 0.5768518515625 0.408333333984375 0.57777777734375 0.3921875 0.583333333984375 0.38125 0.581481482421875 0.377083333984375 0.575 0.376041666015625 0.55277777734375 0.382291666015625 0.490740740234375 0.39375 0.45462962890625 0.392708333984375 0.441666666015625 0.382291666015625 0.42407407421875 0.383333333984375 0.411111111328125 0.396875 0.40462962890625 0.416666666015625 0.390740740234375 0.4390625 0.389814814453125 0.452083333984375 0.40462962890625 0.459895833984375 0.4268518515625 0.466145833984375 0.436111111328125 0.471875 0.464814814453125 0.477604166015625 0.484259259765625 0.4765625
0 0.459259259765625 0.7921875 0.484259259765625 0.785416666015625 0.50092592578125 0.776041666015625 0.512037037109375 0.766145833984375 0.518518517578125 0.752604166015625 0.516666666015625 0.7390625 0.49722222265625 0.723958333984375 0.486111111328125 0.7109375 0.456481482421875 0.700520833984375 0.441666666015625 0.699479166015625 0.414814814453125 0.702083333984375 0.3981481484375 0.7078125 0.362037037109375 0.741666666015625 0.362037037109375 0.755208333984375 0.3731481484375 0.777083333984375 0.390740740234375 0.786979166015625 0.412037037109375 0.79375 0.42222222265625 0.794791666015625 0.459259259765625 0.7921875
0 0.62222222265625 0.742708333984375 0.6481481484375 0.723958333984375 0.65277777734375 0.703125 0.643518517578125 0.682291666015625 0.637037037109375 0.674479166015625 0.62407407421875 0.6671875 0.5944444453125 0.65625 0.560185185546875 0.654166666015625 0.5231481484375 0.659375 0.5 0.673958333984375 0.488888888671875 0.6890625 0.487962962890625 0.709375 0.49907407421875 0.724479166015625 0.52222222265625 0.740625 0.54907407421875 0.746875 0.592592591796875 0.7484375 0.62222222265625 0.742708333984375
0 0.512962962890625 0.6640625 0.534259259765625 0.656770833984375 0.560185185546875 0.654166666015625 0.560185185546875 0.640104166015625 0.55092592578125 0.627604166015625 0.52407407421875 0.611979166015625 0.49722222265625 0.6078125 0.486111111328125 0.614583333984375 0.4305555546875 0.671875 0.4305555546875 0.677083333984375 0.440740740234375 0.6828125 0.462037037109375 0.6890625 0.487037037109375 0.690625 0.49907407421875 0.673958333984375 0.512962962890625 0.6640625
0 0.678703703125 0.671354166015625 0.7018518515625 0.666666666015625 0.72037037109375 0.651041666015625 0.738888888671875 0.627604166015625 0.736111111328125 0.611979166015625 0.725 0.597916666015625 0.692592591796875 0.584375 0.6555555546875 0.5796875 0.633333333984375 0.583333333984375 0.609259259765625 0.5921875 0.587962962890625 0.605729166015625 0.5805555546875 0.617708333984375 0.57962962890625 0.63125 0.587962962890625 0.645833333984375 0.6 0.6546875 0.62037037109375 0.664583333984375 0.64907407421875 0.672916666015625 0.678703703125 0.671354166015625
0 0.588888888671875 0.604166666015625 0.608333333984375 0.592708333984375 0.62592592578125 0.584895833984375 0.65 0.578125 0.637962962890625 0.557291666015625 0.635185185546875 0.543229166015625 0.609259259765625 0.536979166015625 0.587962962890625 0.536458333984375 0.562037037109375 0.541666666015625 0.55092592578125 0.549479166015625 0.532407408203125 0.569791666015625 0.532407408203125 0.581770833984375 0.538888888671875 0.5921875 0.559259259765625 0.607291666015625 0.57592592578125 0.6125 0.582407408203125 0.611458333984375 0.588888888671875 0.604166666015625
0 0.7194444453125 0.589583333984375 0.758333333984375 0.581770833984375 0.786111111328125 0.565625 0.7981481484375 0.55 0.79722222265625 0.534375 0.789814814453125 0.521875 0.761111111328125 0.50625 0.733333333984375 0.500520833984375 0.70277777734375 0.5 0.67407407421875 0.50625 0.65462962890625 0.514583333984375 0.639814814453125 0.531770833984375 0.637037037109375 0.536458333984375 0.637962962890625 0.554166666015625 0.64907407421875 0.571875 0.657407408203125 0.577083333984375 0.711111111328125 0.5890625 0.7194444453125 0.589583333984375