1 0.24609375 0.3642578125 0.23046875 0.126708984375
0 0.552734375 0.5517578125 0.175537109375 0.09765625
0 0.732421875 0.5625 0.18408203125 0.097900390625
1 0.6982421875 0.34765625 0.337890625 0.16357421875
0 0.2470703125 0.51171875 0.181640625 0.09326171875
0 0.322265625 0.5859375 0.195068359375 0.1015625
2 0.8095703125 0.05859375 0.373046875 0.066162109375
2 0.15234375 0.0458984375 0.277587890625 0.060546875
0 0.42578125 0.505859375 0.14453125 0.085693359375
0 0.6171875 0.5029296875 0.164306640625 0.0859375
2 0.4580078125 0.056640625 0.279296875 0.046875