2 0.736328125 0.330078125 0.191650390625 0.081787109375
0 0.4052734375 0.4892578125 0.140625 0.087646484375
0 0.2646484375 0.45703125 0.138671875 0.078125
1 0.3515625 0.091796875 0.207275390625 0.089599609375
2 0.57421875 0.3212890625 0.15673828125 0.09765625
1 0.6455078125 0.1064453125 0.208984375 0.095947265625
2 0.416015625 0.3193359375 0.191650390625 0.083984375
0 0.4287109375 0.4287109375 0.126953125 0.060791015625
0 0.544921875 0.498046875 0.144287109375 0.08154296875
0 0.6376953125 0.4619140625 0.134521484375 0.08203125
2 0.17370351171875 0.314838181640625 0.168431193359375 0.3238673984375 0.17058456640625 0.332893763671875 0.192586384765625 0.350095435546875 0.203452439453125 0.35398789453125 0.240042373046875 0.357421875 0.290293642578125 0.357421875 0.30076481640625 0.356093693359375 0.305564828125 0.35381881640625 0.325294453125 0.32387213671875 0.35246516015625 0.3069763125 0.369140625 0.2821337265625 0.369140625 0.2711521171875 0.3428189921875 0.272364951171875 0.32253457421875 0.270424421875 0.285260775390625 0.2725169296875 0.27299873828125 0.275314220703125 0.2536743203125 0.27291871484375 0.240524947265625 0.275131853515625 0.2201678671875 0.274230453125 0.204662509765625 0.283588314453125 0.191419521484375 0.3004138515625 0.17370351171875 0.314838181640625
0 0.602987556640625 0.426685634765625 0.619654224609375 0.42732992578125 0.650209779296875 0.4239104296875 0.66039496484375 0.428152541015625 0.66796875 0.427821349609375 0.66796875 0.41352928515625 0.66039496484375 0.408360875 0.56224681640625 0.4045088515625 0.55669126171875 0.40655103125 0.552061630859375 0.413808408203125 0.552061630859375 0.43412090625 0.5576171875 0.440932890625 0.568729052734375 0.447265625 0.570342529296875 0.447265625 0.5918764453125 0.430769998046875 0.602987556640625 0.426685634765625