1 0.25 0.3232421875 0.171630859375 0.080322265625
2 0.2734375 0.529296875 0.152099609375 0.11328125
2 0.4404296875 0.517578125 0.181640625 0.09814453125
0 0.51171875 0.673828125 0.14892578125 0.089599609375
2 0.7177734375 0.458984375 0.200927734375 0.090087890625
0 0.361328125 0.6708984375 0.140625 0.08203125
0 0.4931640625 0.6103515625 0.130615234375 0.064208984375
1 0.501953125 0.2841796875 0.234130859375 0.072021484375
0 0.654296875 0.6533203125 0.15283203125 0.084228515625
0 0.662109375 0.57421875 0.113525390625 0.06640625
2 0.63750964453125 0.50091145703125 0.6382084296875 0.496419265625 0.6382234921875 0.49438572265625 0.622864583984375 0.4779947890625 0.613744212890625 0.459244791015625 0.612000384765625 0.44466145703125 0.61574266796875 0.439453125 0.612069830078125 0.43528645703125 0.576888501953125 0.434765625 0.51101658984375 0.45247395703125 0.475808255859375 0.45559895703125 0.466796875 0.458128142578125 0.466796875 0.4708137578125 0.476599150390625 0.473828125 0.493126927734375 0.492578123046875 0.506938658203125 0.5029947890625 0.520707947265625 0.519140626953125 0.51420331640625 0.522265623046875 0.514176310546875 0.52591145703125 0.52155285546875 0.530078123046875 0.5382118046875 0.53111979296875 0.570653935546875 0.5264322890625 0.63750964453125 0.50091145703125