0 0.0830078125 0.3828125 0.166015625 0.105712890625
0 0.2060546875 0.341796875 0.131103515625 0.1015625
1 0.4453125 0.35546875 0.2578125 0.1171875
0 0.126953125 0.60546875 0.17626953125 0.097900390625
2 0.8857421875 0.30859375 0.150390625 0.1484375
2 0.8662109375 0.6474609375 0.16015625 0.181396484375
0 0.14453125 0.509765625 0.171875 0.097412109375
2 0.865234375 0.4716796875 0.140625 0.142333984375
1 0.4716796875 0.5859375 0.287109375 0.168212890625
0 0.2177734375 0.4365234375 0.107421875 0.076416015625
0 0.224609375 0.544921875 0.08251953125 0.08251953125