0 0.93801351953125 0.556805748046875 0.970022892578125 0.541148265625 0.9991594140625 0.51944203515625 0.999340197265625 0.4950365625 0.997889677734375 0.44234334765625 0.98003115234375 0.433333103515625 0.933264171875 0.4179458828125 0.8634717265625 0.407871224609375 0.846782263671875 0.40765915234375 0.810755419921875 0.412055298828125 0.765716025390625 0.425755876953125 0.723897390625 0.45544603125 0.708984375 0.482051392578125 0.708984375 0.51237365625 0.726246056640625 0.5407665 0.75830366796875 0.56053182421875 0.789540109375 0.5703125 0.884720884765625 0.5703125 0.903069810546875 0.5668785859375 0.93801351953125 0.556805748046875
0 0.185465041015625 0.661069248046875 0.213011955078125 0.63787405078125 0.2202517578125 0.6211333515625 0.220984064453125 0.601853662109375 0.215292595703125 0.588368115234375 0.204071861328125 0.5775424921875 0.177079353515625 0.56375007421875 0.14734052734375 0.55311048828125 0.1297169453125 0.550162296875 0.11491816796875 0.55187359375 0.0982204921875 0.548916099609375 0.0945325703125 0.550515771484375 0.063057044921875 0.551352861328125 0.032559751953125 0.557388859375 0.001953125 0.571533271484375 0.001953125 0.668379708984375 0.029144134765625 0.678265919921875 0.088464818359375 0.683920451171875 0.10513633203125 0.684273837890625 0.13010436328125 0.680897755859375 0.15965482421875 0.6727877734375 0.185465041015625 0.661069248046875
0 0.134952888671875 0.553564271484375 0.1434223359375 0.5551238828125 0.17842422265625 0.56390373828125 0.21583501171875 0.5798457734375 0.24501553515625 0.573319357421875 0.26452215625 0.561652240234375 0.26512390625 0.557435822265625 0.10745517578125 0.52185408984375 0.093365826171875 0.51953125 0.083078033203125 0.51953125 0.078125 0.5209819140625 0.078125 0.543385205078125 0.081126494140625 0.553274779296875 0.085903173828125 0.55506537890625 0.116569408203125 0.555758884765625 0.134952888671875 0.553564271484375
0 0.7726304296875 0.628968140625 0.766143865234375 0.628656646484375 0.763671875 0.63107578515625 0.763671875 0.63874676953125 0.78022603125 0.6474714375 0.785019345703125 0.6484375 0.797421083984375 0.6484375 0.800543611328125 0.641607994140625 0.79864994140625 0.6375027890625 0.7726304296875 0.628968140625
0 0.7818543671875 0.673828125 0.78618310546875 0.671790904296875 0.7857006796875 0.66653066796875 0.756563595703125 0.654296875 0.75050425 0.654296875 0.74769519921875 0.654985318359375 0.74609375 0.657019095703125 0.74609375 0.660254341796875 0.755821615234375 0.668620328125 0.775155447265625 0.673828125 0.7818543671875 0.673828125
0 0.767055751953125 0.726623068359375 0.775718173828125 0.72378125390625 0.775168529296875 0.72006411328125 0.649206294921875 0.6693519296875 0.645194294921875 0.66796875 0.626953125 0.66796875 0.626953125 0.68246725 0.634470427734375 0.695176796875 0.65075251171875 0.708765759765625 0.677167873046875 0.723317578125 0.69732454296875 0.727942306640625 0.75636972265625 0.7283796796875 0.767055751953125 0.726623068359375
0 0.7114321640625 0.61580255078125 0.701171875 0.620343642578125 0.701171875 0.622130779296875 0.70231975 0.624296208984375 0.716263498046875 0.630859375 0.7285443828125 0.630859375 0.73562073828125 0.622152201171875 0.733696451171875 0.618018490234375 0.7114321640625 0.61580255078125
0 0.6796875 0.63765854296875 0.6796875 0.64611203125 0.70043219921875 0.650390625 0.7136548203125 0.650390625 0.712774365234375 0.643457029296875 0.697033625 0.637207029296875 0.686848439453125 0.635644529296875 0.6796875 0.63765854296875
0 0.421959384765625 0.610611451171875 0.373471869140625 0.596797099609375 0.326211583984375 0.5795754296875 0.314453125 0.57974962890625 0.314453125 0.581159037109375 0.325371041015625 0.594989548828125 0.341646837890625 0.60394361328125 0.3805839140625 0.61328125 0.4243760703125 0.61328125 0.42438503515625 0.6132811171875 0.421959384765625 0.610611451171875
0 0.090119953125 0.771484375 0.146437609375 0.771484375 0.148359533203125 0.768471625 0.142282646484375 0.764274767578125 0.02924676953125 0.716796875 0.0078125 0.716796875 0.0078125 0.722706482421875 0.00990964453125 0.731738544921875 0.023924673828125 0.7491948359375 0.044972033203125 0.761508658203125 0.066656359375 0.76759626171875 0.090119953125 0.771484375
2 0.526787248046875 0.547270923828125 0.6066666953125 0.55859375 0.64895180859375 0.55859375 0.661574224609375 0.547858896484375 0.684530630859375 0.50829734375 0.7006649765625 0.48864423046875 0.707205779296875 0.465102607421875 0.72081067578125 0.436782591796875 0.76102741796875 0.404116541015625 0.75223653125 0.398592685546875 0.7476205703125 0.39898405078125 0.743606361328125 0.39514493359375 0.711574951171875 0.389501806640625 0.69893057421875 0.3822149375 0.680346193359375 0.382223326171875 0.655861041015625 0.378030115234375 0.5414627421875 0.352726421875 0.516174939453125 0.350168564453125 0.503852955078125 0.359049787109375 0.4942211328125 0.378674015625 0.457175767578125 0.416295509765625 0.395927458984375 0.465372857421875 0.384850107421875 0.478328015625 0.352619697265625 0.494121515625 0.349609375 0.5014106015625 0.349609375 0.50181566796875 0.35651431640625 0.508419435546875 0.37758796484375 0.516558921875 0.412429130859375 0.5224862578125 0.4475515546875 0.532046775390625 0.51249738671875 0.542735732421875 0.526787248046875 0.547270923828125
2 0.1152285859375 0.329658697265625 0.091115931640625 0.3319062109375 0.065213154296875 0.329959626953125 0.03827642578125 0.335290984375 0.01975019140625 0.33553747265625 0.017929205078125 0.333426703125 0.013671875 0.336522232421875 0.013671875 0.341108505859375 0.014094326171875 0.342226 0.0653597578125 0.3825775078125 0.130529513671875 0.42209311328125 0.154449265625 0.43286643359375 0.179356673828125 0.439486802734375 0.189464697265625 0.444846025390625 0.267476849609375 0.47120260546875 0.282581017578125 0.47142637109375 0.283538771484375 0.471245205078125 0.297620560546875 0.4584301328125 0.35077642578125 0.43369119140625 0.373268708984375 0.415791244140625 0.431015623046875 0.3937250546875 0.482188462890625 0.37781284765625 0.491571177734375 0.369616689453125 0.49163290625 0.365450021484375 0.4861236484375 0.362242716796875 0.467682291015625 0.356760037109375 0.459441548828125 0.350386578125 0.43454957421875 0.34272454296875 0.417095869140625 0.33308891015625 0.413376734375 0.33407570703125 0.406980130859375 0.32825051953125 0.394078896484375 0.32389180859375 0.3895109921875 0.3196565546875 0.361864388671875 0.3103908671875 0.34904803125 0.30030298828125 0.3462548203125 0.30130350390625 0.334264080078125 0.298000177734375 0.322342783203125 0.2900093515625 0.31405574609375 0.28676089453125 0.30664833984375 0.28665115625 0.28521068359375 0.27734375 0.2584589140625 0.27734375 0.246316548828125 0.29565535546875 0.230537228515625 0.29802632421875 0.212836611328125 0.305057361328125 0.196131365234375 0.30741461328125 0.173762537109375 0.31698123046875 0.1152285859375 0.329658697265625
1 0.43062526171875 0.940658439453125 0.444883783203125 0.9255276171875 0.45790408203125 0.902103177734375 0.470370509765625 0.888603447265625 0.48439439453125 0.86722634375 0.4833321484375 0.863617439453125 0.434469646484375 0.845645103515625 0.38401058203125 0.834509087890625 0.37737653515625 0.8305882265625 0.35247339453125 0.826171875 0.33613229296875 0.826171875 0.298947912109375 0.864288515625 0.28125 0.888622931640625 0.28125 0.89751496484375 0.292144658203125 0.905202185546875 0.405581484375 0.94003540625 0.43062526171875 0.940658439453125
1 0.282445140625 0.85871887109375 0.310546875 0.81671067578125 0.310546875 0.808556328125 0.2920564296875 0.80238765234375 0.285586345703125 0.802726865234375 0.2533824375 0.791371490234375 0.180011638671875 0.773826408203125 0.172586142578125 0.7736939609375 0.1069971171875 0.839742748046875 0.10546875 0.852827490234375 0.10546875 0.855752619140625 0.111014455078125 0.860402154296875 0.19347267578125 0.874862046875 0.232113779296875 0.888671875 0.250956521484375 0.888671875 0.259844501953125 0.883904310546875 0.282445140625 0.85871887109375