0 0.560546875 0.677734375 0.16845703125 0.0859375
2 0.279296875 0.4306640625 0.289306640625 0.150634765625
0 0.1220703125 0.580078125 0.18359375 0.09765625
2 0.7138671875 0.576171875 0.193359375 0.163818359375
1 0.564453125 0.23828125 0.3203125 0.13232421875
0 0.283203125 0.6240234375 0.16796875 0.095703125
1 0.904296875 0.3671875 0.19140625 0.15673828125
2 0.4990234375 0.5185546875 0.239990234375 0.150146484375
2 0.3837890625 0.7294921875 0.298583984375 0.138916015625
0 0.4326171875 0.6220703125 0.134521484375 0.068359375
0 0.2734375 0.5576171875 0.148193359375 0.0546875