1 0.8017578125 0.4453125 0.302490234375 0.132568359375
2 0.6005859375 0.640625 0.232177734375 0.16357421875
1 0.5888671875 0.32421875 0.34375 0.10107421875
0 0.4130859375 0.7529296875 0.162109375 0.099365234375
0 0.07421875 0.5751953125 0.140380859375 0.095947265625
0 0.2587890625 0.7236328125 0.181640625 0.1015625
2 0.25390625 0.435546875 0.226318359375 0.11279296875
0 0.140625 0.65625 0.18017578125 0.101318359375
0 0.201171875 0.59375 0.12939453125 0.077880859375
2 0.477765080078125 0.65234375 0.4833645078125 0.651349529296875 0.51463778515625 0.631712681640625 0.573599818359375 0.57967089453125 0.57479845703125 0.56914212109375 0.55462637109375 0.5435673828125 0.5157736796875 0.519646935546875 0.495233390625 0.5197990859375 0.490225072265625 0.523498529296875 0.4797995703125 0.52012991015625 0.458641595703125 0.523330716796875 0.41031136328125 0.53750248828125 0.343368224609375 0.551025703125 0.341796875 0.552341884765625 0.341796875 0.56912601953125 0.39463976953125 0.598721525390625 0.4016935 0.607568826171875 0.4427815546875 0.64091939453125 0.459271671875 0.652168154296875 0.460033861328125 0.65234375 0.477765080078125 0.65234375
2 0.26171875 0.499079107421875 0.29757783984375 0.537753140625 0.318786150390625 0.5505182109375 0.329039869140625 0.5532387265625 0.345770388671875 0.55336265625 0.343835619140625 0.55051853515625 0.348990716796875 0.543934044921875 0.389360921875 0.53671466015625 0.397483365234375 0.533075931640625 0.424186232421875 0.529841759765625 0.458621748046875 0.5167308515625 0.475094013671875 0.513092232421875 0.499154365234375 0.5121106328125 0.516550779296875 0.508414265625 0.525240060546875 0.49899962109375 0.525012681640625 0.49536078515625 0.51924040625 0.4920684296875 0.459329919921875 0.46867516015625 0.4224581875 0.442798537109375 0.402223873046875 0.4375 0.388252666015625 0.4375 0.3755539765625 0.449382484375 0.363897353515625 0.45585137109375 0.296874619140625 0.48195769140625 0.262179240234375 0.49090992578125 0.26171875 0.49132159375 0.26171875 0.499079107421875
0 0.389345015625 0.691627474609375 0.3983623359375 0.684470826171875 0.4008839453125 0.677067978515625 0.3353980625 0.6329363046875 0.30901533203125 0.6205031171875 0.291542517578125 0.624369615234375 0.271529916015625 0.635118576171875 0.259765625 0.653251298828125 0.259765625 0.67523653125 0.289586044921875 0.67448290625 0.315714298828125 0.67963075390625 0.332716173828125 0.6888129609375 0.348315943359375 0.701171875 0.357465205078125 0.701171875 0.389345015625 0.691627474609375