2 0.861328125 0.58984375 0.18408203125 0.1640625
2 0.82421875 0.4345703125 0.19482421875 0.131103515625
1 0.431640625 0.37890625 0.269287109375 0.09765625
2 0.779296875 0.287109375 0.199462890625 0.13623046875
1 0.525390625 0.576171875 0.312744140625 0.136474609375
0 0.1240234375 0.431640625 0.166015625 0.093994140625
0 0.2353515625 0.62109375 0.157958984375 0.090087890625
0 0.2265625 0.53515625 0.16015625 0.08642578125
0 0.22265625 0.3828125 0.101318359375 0.08642578125
0 0.263671875 0.462890625 0.07421875 0.070068359375
0 0.3017578125 0.568359375 0.056396484375 0.05908203125