0 0.0830078125 0.3828125 0.166015625 0.1064453125
0 0.2060546875 0.341796875 0.1318359375 0.1015625
1 0.4453125 0.35546875 0.2578125 0.1171875
0 0.126953125 0.60546875 0.177734375 0.0986328125
2 0.8857421875 0.30859375 0.150390625 0.1484375
2 0.8662109375 0.6474609375 0.16015625 0.1806640625
0 0.14453125 0.509765625 0.171875 0.0966796875
2 0.865234375 0.4716796875 0.140625 0.1416015625
1 0.4716796875 0.5859375 0.287109375 0.1689453125
0 0.2177734375 0.4365234375 0.107421875 0.0771484375
0 0.224609375 0.544921875 0.083984375 0.083984375