2 0.5654296875 0.482421875 0.236572265625 0.117431640625
2 0.3212890625 0.5771484375 0.205322265625 0.146484375
0 0.583984375 0.6875 0.15234375 0.090087890625
1 0.224609375 0.3876953125 0.284912109375 0.140625
1 0.462890625 0.3017578125 0.33935546875 0.1171875
0 0.439453125 0.6943359375 0.144287109375 0.083740234375
0 0.7138671875 0.64453125 0.15625 0.089599609375
0 0.8232421875 0.587890625 0.1640625 0.086181640625
0 0.693359375 0.58203125 0.124755859375 0.066162109375
0 0.552734375 0.626953125 0.129150390625 0.0625
2 0.367543064453125 0.54385677734375 0.404497615234375 0.58562996484375 0.416042162109375 0.592128796875 0.42671923046875 0.60546875 0.4534603046875 0.60546875 0.463920861328125 0.6007847265625 0.488822541015625 0.583389287109375 0.496085802734375 0.580794318359375 0.52174921875 0.560736462890625 0.562328947265625 0.54172344140625 0.58293471484375 0.52984659375 0.583984375 0.52701454296875 0.583984375 0.52477293359375 0.58145835546875 0.5210785859375 0.5248725234375 0.506769185546875 0.491487861328125 0.4924037421875 0.44463076171875 0.485241916015625 0.436378388671875 0.486862349609375 0.410455107421875 0.502763685546875 0.393221109375 0.509186529296875 0.36646877734375 0.53254598046875 0.366440158203125 0.536409548828125 0.367543064453125 0.54385677734375
2 0.601536998046875 0.424668513671875 0.609691650390625 0.433867517578125 0.610481439453125 0.44067164453125 0.62961012890625 0.457105634765625 0.63965832421875 0.46430144921875 0.6671928359375 0.477445287109375 0.674578630859375 0.47879940234375 0.67816687109375 0.4846802734375 0.682860919921875 0.486328125 0.701473416015625 0.486328125 0.7133802109375 0.484607546875 0.75444162890625 0.470199154296875 0.7824994140625 0.457323921875 0.8069584921875 0.43908819921875 0.8155003671875 0.42903309375 0.826171875 0.422450220703125 0.826171875 0.41281819140625 0.796392609375 0.411558341796875 0.77054233203125 0.406818943359375 0.74739631640625 0.405839720703125 0.7124341484375 0.393423294921875 0.70437368359375 0.379540857421875 0.69542445703125 0.375470578125 0.68506534375 0.375393845703125 0.65882958203125 0.38646806640625 0.604408708984375 0.420102587890625 0.601536998046875 0.424668513671875