1 0.1611328125 0.55078125 0.1689453125 0.1357421875
1 0.3779296875 0.4482421875 0.20703125 0.115234375
2 0.3505859375 0.6787109375 0.154296875 0.1337890625
2 0.4912109375 0.62109375 0.150390625 0.119140625
0 0.57421875 0.6884765625 0.10546875 0.0615234375
2 0.6279296875 0.5390625 0.1865234375 0.12109375
0 0.798828125 0.6328125 0.138671875 0.0771484375
2 0.63671875 0.7734375 0.2060546875 0.1201171875
0 0.6904296875 0.6796875 0.1328125 0.0791015625
0 0.4833984375 0.744140625 0.1435546875 0.07421875
0 0.681640625 0.623046875 0.1142578125 0.0517578125