2 0.21875 0.37109375 0.2255859375 0.1396484375
2 0.4423828125 0.359375 0.2587890625 0.12890625
0 0.255859375 0.548828125 0.1591796875 0.099609375
2 0.7734375 0.3095703125 0.2705078125 0.1005859375
0 0.42578125 0.5703125 0.173828125 0.10546875
0 0.4189453125 0.494140625 0.1611328125 0.0732421875
0 0.744140625 0.5185546875 0.1787109375 0.0927734375
0 0.5966796875 0.5517578125 0.1767578125 0.095703125
1 0.291015625 0.0625 0.361328125 0.08203125
1 0.63671875 0.046875 0.44140625 0.07421875
0 0.599609375 0.48046875 0.142578125 0.060546875
2 0.485185185546875 0.319791666015625 0.542592591796875 0.353645833984375 0.553703703125 0.355208333984375 0.556481482421875 0.360416666015625 0.567592591796875 0.366666666015625 0.57222222265625 0.372395833984375 0.57037037109375 0.374479166015625 0.563888888671875 0.373958333984375 0.558333333984375 0.380208333984375 0.55 0.380208333984375 0.5305555546875 0.385416666015625 0.531481482421875 0.388020833984375 0.54907407421875 0.391145833984375 0.6055555546875 0.388020833984375 0.62962962890625 0.381770833984375 0.638888888671875 0.377083333984375 0.657407408203125 0.3734375 0.67777777734375 0.3625 0.67962962890625 0.355729166015625 0.664814814453125 0.334895833984375 0.6444444453125 0.319270833984375 0.6305555546875 0.303645833984375 0.621296296875 0.285416666015625 0.62037037109375 0.275520833984375 0.585185185546875 0.272395833984375 0.521296296875 0.285416666015625 0.460185185546875 0.293229166015625 0.467592591796875 0.3 0.461111111328125 0.303645833984375 0.459259259765625 0.310416666015625 0.462962962890625 0.309895833984375 0.47407407421875 0.317708333984375 0.485185185546875 0.319791666015625