1 0.802734375 0.34375 0.312255859375 0.14453125
2 0.826171875 0.546875 0.21484375 0.140625
1 0.541015625 0.2978515625 0.343994140625 0.125
2 0.6474609375 0.5380859375 0.220458984375 0.114990234375
2 0.380859375 0.4609375 0.226318359375 0.109130859375
0 0.6123046875 0.6884765625 0.150634765625 0.091796875
0 0.35546875 0.6171875 0.14892578125 0.08203125
0 0.4736328125 0.66015625 0.150146484375 0.08544921875
0 0.7666015625 0.681640625 0.142822265625 0.07470703125
0 0.4765625 0.599609375 0.12451171875 0.051025390625
0 0.6279296875 0.6298828125 0.126708984375 0.044921875
2 0.5287138984375 0.537733259765625 0.539155162109375 0.527495935546875 0.59542012109375 0.4993032890625 0.603006703125 0.49214201171875 0.620775603515625 0.485158486328125 0.644933529296875 0.481933361328125 0.65829420703125 0.466016220703125 0.659517658203125 0.4540550390625 0.584720037109375 0.44545555078125 0.536909126953125 0.431596400390625 0.505488298828125 0.42896395703125 0.46908303515625 0.47782151953125 0.43718316015625 0.494456974609375 0.4296875 0.503726677734375 0.4296875 0.507413765625 0.458687025390625 0.52348627734375 0.482547166015625 0.5322384921875 0.50368209765625 0.5388592109375 0.508138439453125 0.5390625 0.52430663671875 0.5390625 0.5287138984375 0.537733259765625