0 0.513671875 0.6689453125 0.1142578125 0.0615234375
0 0.2919921875 0.650390625 0.1044921875 0.0595703125
0 0.3974609375 0.6669921875 0.111328125 0.0625
2 0.51953125 0.5400390625 0.115234375 0.0546875
2 0.6337890625 0.5439453125 0.1279296875 0.044921875
1 0.556640625 0.404296875 0.1318359375 0.033203125
2 0.3134765625 0.537109375 0.126953125 0.0537109375
1 0.3837890625 0.392578125 0.1181640625 0.0322265625
0 0.5556640625 0.6240234375 0.083984375 0.0439453125
2 0.4189453125 0.541015625 0.1240234375 0.0478515625
0 0.44907407421875 0.652604166015625 0.463888888671875 0.6359375 0.463888888671875 0.626041666015625 0.456481482421875 0.615625 0.443518517578125 0.608854166015625 0.428703703125 0.605729166015625 0.3981481484375 0.605729166015625 0.382407408203125 0.608854166015625 0.37037037109375 0.617708333984375 0.367592591796875 0.624479166015625 0.365740740234375 0.634895833984375 0.3694444453125 0.6390625 0.390740740234375 0.635416666015625 0.415740740234375 0.636979166015625 0.433333333984375 0.641666666015625 0.44907407421875 0.652604166015625
0 0.612037037109375 0.678645833984375 0.62407407421875 0.669791666015625 0.6305555546875 0.655729166015625 0.62962962890625 0.64375 0.62037037109375 0.6328125 0.6 0.622916666015625 0.578703703125 0.626041666015625 0.54722222265625 0.625520833984375 0.539814814453125 0.6328125 0.536111111328125 0.64375 0.543518517578125 0.65 0.559259259765625 0.655729166015625 0.57037037109375 0.671875 0.593518517578125 0.680208333984375 0.612037037109375 0.678645833984375