2 0.322265625 0.7021484375 0.18408203125 0.08984375
2 0.5966796875 0.70703125 0.146240234375 0.086181640625
0 0.4482421875 0.87890625 0.14453125 0.097412109375
1 0.6357421875 0.5361328125 0.166015625 0.068359375
0 0.5927734375 0.884765625 0.154052734375 0.09033203125
0 0.3076171875 0.8447265625 0.134521484375 0.08984375
1 0.4033203125 0.529296875 0.158203125 0.0625
2 0.74609375 0.708984375 0.179443359375 0.07470703125
0 0.47265625 0.8125 0.125 0.06640625
0 0.64453125 0.8076171875 0.105712890625 0.045166015625
2 0.38551609375 0.735629701171875 0.384210716796875 0.748046875 0.427518599609375 0.748046875 0.4456048828125 0.74448509765625 0.491724302734375 0.740736068359375 0.530699265625 0.740621138671875 0.5390625 0.73818494921875 0.5390625 0.718461748046875 0.5319812265625 0.70918890625 0.5215027734375 0.681713720703125 0.50946014453125 0.6700192421875 0.49802021875 0.666118232421875 0.48060011328125 0.668904123046875 0.422037216796875 0.667777603515625 0.418023009765625 0.6638794453125 0.40321365625 0.6884224609375 0.396231826171875 0.718163970703125 0.38551609375 0.735629701171875