2 0.1259765625 0.5009765625 0.228515625 0.140625
1 0.15625 0.259765625 0.3125 0.12158203125
0 0.3525390625 0.6630859375 0.165771484375 0.099365234375
2 0.3212890625 0.4921875 0.232421875 0.11767578125
0 0.1875 0.650390625 0.159912109375 0.090087890625
2 0.6123046875 0.4267578125 0.236083984375 0.103515625
1 0.44140625 0.2314453125 0.367431640625 0.107421875
0 0.5048828125 0.6376953125 0.158447265625 0.088134765625
0 0.6328125 0.5966796875 0.159912109375 0.084228515625
0 0.5048828125 0.5712890625 0.130859375 0.060546875
0 0.3388671875 0.59765625 0.150390625 0.062255859375
2 0.31132234375 0.4195698671875 0.309058974609375 0.423786375 0.309106703125 0.427008015625 0.31554343359375 0.436521732421875 0.329736365234375 0.439709408203125 0.33698598828125 0.437634 0.3410731015625 0.442051724609375 0.367921740234375 0.452193208984375 0.390465015625 0.466294591796875 0.403779263671875 0.470066423828125 0.412876203125 0.47883728125 0.42236751171875 0.481308775390625 0.426454623046875 0.4857265 0.4267206875 0.499819333984375 0.423205947265625 0.502155951171875 0.42751960546875 0.50390625 0.448547478515625 0.50390625 0.48489566796875 0.496269771484375 0.515255267578125 0.48212375 0.5334013359375 0.477195009765625 0.549305720703125 0.4677193671875 0.55078125 0.465768181640625 0.55078125 0.459181328125 0.544249974609375 0.45187122265625 0.536648123046875 0.44979011328125 0.513182134765625 0.435753318359375 0.4830791484375 0.409114947265625 0.476847380859375 0.39238373046875 0.441508388671875 0.39238373046875 0.42085919140625 0.397790904296875 0.402010552734375 0.4053820546875 0.336235609375 0.417825955078125 0.31132234375 0.4195698671875