2 0.396484375 0.2314453125 0.198974609375 0.135009765625
2 0.5830078125 0.234375 0.236083984375 0.1171875
2 0.2001953125 0.2421875 0.232666015625 0.1171875
0 0.6044921875 0.423828125 0.162109375 0.09716796875
0 0.44140625 0.4384765625 0.167724609375 0.092041015625
0 0.767578125 0.380859375 0.15625 0.08984375
0 0.578125 0.36328125 0.144287109375 0.04638671875
1 0.2412109375 0.0234375 0.255615234375 0.046875
0 0.33984375 0.3935546875 0.15234375 0.084228515625
0 0.40234375 0.359375 0.0625 0.01953125
1 0.6025390625 0.005859375 0.138427734375 0.011474609375
2 0.704777365234375 0.258331166015625 0.708535662109375 0.27752290625 0.726148427734375 0.278148990234375 0.739680076171875 0.28257306640625 0.7650778046875 0.284247560546875 0.8569115703125 0.284927810546875 0.88559880078125 0.27393196484375 0.888230201171875 0.265810787109375 0.87551373828125 0.233211828125 0.8574989375 0.20743441796875 0.8554857734375 0.1894547734375 0.842509427734375 0.1693877109375 0.73742603125 0.150390625 0.646484375 0.150390625 0.646484375 0.152188916015625 0.6518791015625 0.159133767578125 0.656559203125 0.178413041015625 0.676319142578125 0.205402544921875 0.678824673828125 0.2181970390625 0.69363093359375 0.248378486328125 0.704777365234375 0.258331166015625