1 0.330078125 0.3818359375 0.19873046875 0.140625
1 0.7509765625 0.3291015625 0.302490234375 0.185546875
2 0.19921875 0.09375 0.26513671875 0.086181640625
0 0.6328125 0.5390625 0.167724609375 0.093994140625
0 0.4267578125 0.5859375 0.181884765625 0.097900390625
0 0.501953125 0.5009765625 0.13671875 0.078125
0 0.341796875 0.5185546875 0.172119140625 0.08984375
0 0.806640625 0.5380859375 0.183349609375 0.09765625
2 0.8154296875 0.0634765625 0.36328125 0.0859375
2 0.4931640625 0.08203125 0.271484375 0.08203125
0 0.685546875 0.4892578125 0.159912109375 0.07421875