1 0.1025390625 0.4638671875 0.18359375 0.130859375
1 0.2490234375 0.310546875 0.22265625 0.109130859375
2 0.3779296875 0.560546875 0.166259765625 0.13671875
2 0.57421875 0.37890625 0.18017578125 0.121337890625
2 0.6904296875 0.611328125 0.169677734375 0.12158203125
0 0.546875 0.60546875 0.12890625 0.074462890625
0 0.6044921875 0.5390625 0.107177734375 0.062744140625
2 0.4892578125 0.4794921875 0.111572265625 0.138427734375
0 0.7958984375 0.451171875 0.142333984375 0.081787109375
0 0.7099609375 0.5107421875 0.138427734375 0.083740234375
0 0.67578125 0.4580078125 0.10546875 0.0625