1 0.3349609375 0.158203125 0.3017578125 0.1259765625
2 0.59375 0.369140625 0.2626953125 0.140625
2 0.154296875 0.48046875 0.19140625 0.1396484375
0 0.423828125 0.541015625 0.1318359375 0.0673828125
2 0.3759765625 0.4375 0.2421875 0.1298828125
0 0.716796875 0.517578125 0.1669921875 0.0908203125
0 0.2890625 0.5859375 0.1640625 0.08203125
1 0.044921875 0.2412109375 0.0888671875 0.1123046875
2 0.4541015625 0.642578125 0.2734375 0.1142578125
0 0.5634765625 0.5498046875 0.1572265625 0.0869140625
0 0.5791015625 0.4892578125 0.1494140625 0.056640625