2 0.494140625 0.2568359375 0.293212890625 0.12890625
2 0.763671875 0.2958984375 0.26953125 0.126708984375
2 0.1923828125 0.216796875 0.376953125 0.12109375
1 0.57421875 0.52734375 0.207275390625 0.172119140625
1 0.1943359375 0.4453125 0.243896484375 0.2109375
0 0.451171875 0.7109375 0.187744140625 0.10205078125
0 0.2626953125 0.6396484375 0.171875 0.095703125
0 0.08984375 0.623046875 0.17236328125 0.097412109375
0 0.5625 0.6533203125 0.167724609375 0.068115234375
0 0.408203125 0.623046875 0.133056640625 0.05078125
0 0.212890625 0.591796875 0.12109375 0.04345703125