2 0.78125 0.5302734375 0.15576171875 0.1171875
2 0.517578125 0.462890625 0.17626953125 0.101318359375
0 0.513671875 0.654296875 0.15185546875 0.0859375
0 0.6708984375 0.6669921875 0.138671875 0.080322265625
1 0.869140625 0.3271484375 0.16796875 0.087890625
2 0.3681640625 0.4267578125 0.19140625 0.095703125
0 0.3779296875 0.6220703125 0.154052734375 0.0859375
0 0.544921875 0.5966796875 0.132568359375 0.06640625
1 0.6298828125 0.26953125 0.228515625 0.07080078125
0 0.3896484375 0.54296875 0.111083984375 0.06640625
2 0.6799128515625 0.552162703125 0.698309541015625 0.55859375 0.70558715234375 0.55859375 0.70863198046875 0.556561734375 0.71680395703125 0.49502109765625 0.704742265625 0.4862880625 0.664873724609375 0.467938478515625 0.638903796875 0.45257429296875 0.637614357421875 0.45246640234375 0.632456802734375 0.452428197265625 0.594489005859375 0.466041322265625 0.58895210546875 0.473388630859375 0.55566060546875 0.490910607421875 0.552734375 0.493579607421875 0.552734375 0.503500345703125 0.566829267578125 0.51215265625 0.5723840390625 0.511576025390625 0.59369909765625 0.517611935546875 0.64931692578125 0.5384074921875 0.668797810546875 0.551232685546875 0.6799128515625 0.552162703125