1 0.181640625 0.41641989453125 0.1751685390625 0.3265516953125 0.1615617578125 0.3265516953125 0.085608705078125 0.35149475390625 0.08203125 0.38267108203125 0.08203125 0.39936735546875 0.085183201171875 0.4318354609375 0.126929056640625 0.432255392578125 0.1390186875 0.43359375 0.176269318359375 0.43359375 0.181640625 0.4217569296875 0.181640625 0.41641989453125
1 0.130813802734375 0.47519927734375 0.085451150390625 0.475047958984375 0.084210552734375 0.51091040234375 0.084607166015625 0.537681740234375 0.086546828125 0.549006291015625 0.0921949765625 0.55533859375 0.1703558203125 0.6015625 0.182059384765625 0.6015625 0.18359375 0.596769099609375 0.18359375 0.57044423046875 0.181184173828125 0.500940017578125 0.176361642578125 0.48785059765625 0.168892505859375 0.48357419140625 0.130813802734375 0.47519927734375
2 0.5991274375 0.33278344921875 0.6015502890625 0.31244351171875 0.5912030390625 0.303171048828125 0.5650810859375 0.29197343359375 0.556621765625 0.284765654296875 0.5326058984375 0.288132431640625 0.50961580078125 0.297218943359375 0.470878271484375 0.305942767578125 0.46448867578125 0.311216095703125 0.4537337578125 0.331639751953125 0.427734375 0.395985953125 0.427734375 0.396484375 0.457182505859375 0.396484375 0.5120868515625 0.385749271484375 0.544307525390625 0.375007275390625 0.555435125 0.375937294921875 0.578516119140625 0.37205899609375 0.584016291015625 0.368878255859375 0.5991274375 0.33278344921875
2 0.55867477734375 0.486201099609375 0.564341578125 0.480542650390625 0.58996229296875 0.39380725 0.59128278515625 0.372434970703125 0.588479896484375 0.371421234375 0.558564091796875 0.3784942265625 0.533147140625 0.38031249609375 0.512963767578125 0.38780863671875 0.4779179609375 0.393370326171875 0.472493443359375 0.398634349609375 0.46468034375 0.419550921875 0.454731078125 0.42902802734375 0.443359375 0.45387689453125 0.443359375 0.45861462109375 0.472454724609375 0.471567943359375 0.5012409765625 0.474925328125 0.524628603515625 0.484588384765625 0.53290780078125 0.482421380859375 0.54580346484375 0.4861057578125 0.55867477734375 0.486201099609375
2 0.582287 0.5186949609375 0.583984375 0.494408794921875 0.583984375 0.4916857890625 0.577316462890625 0.47035053125 0.568422125 0.47814814453125 0.561935484375 0.491317337890625 0.547898771484375 0.493050298828125 0.537214373046875 0.486639158203125 0.51884995703125 0.483924708984375 0.504543541015625 0.476242916015625 0.49527050390625 0.476185275390625 0.47516774609375 0.471795830078125 0.459111001953125 0.46576873828125 0.439398521484375 0.465914755859375 0.43814269921875 0.49715262109375 0.427734375 0.5217649296875 0.427734375 0.54450567578125 0.431411556640625 0.553641255859375 0.439724587890625 0.554160982421875 0.452910296875 0.551330609375 0.511059865234375 0.55859375 0.555445734375 0.55859375 0.582287 0.5186949609375
2 0.512639681640625 0.669921875 0.5143106796875 0.669921875 0.524229638671875 0.66504171875 0.5546017421875 0.620228201171875 0.562796720703125 0.57736477734375 0.561547373046875 0.5643620859375 0.54753292578125 0.559396939453125 0.51877256640625 0.557294119140625 0.50769048046875 0.558529541015625 0.49515471484375 0.556640625 0.4668941640625 0.556640625 0.453555279296875 0.578750859375 0.426344798828125 0.601738470703125 0.419921875 0.611857390625 0.419921875 0.633627443359375 0.465945037109375 0.63011158984375 0.512639681640625 0.669921875
0 0.715784529296875 0.356259580078125 0.72720538671875 0.368501376953125 0.751653216796875 0.380054236328125 0.766284177734375 0.384167056640625 0.77224248828125 0.384765625 0.792340205078125 0.384765625 0.82394001171875 0.38178425390625 0.833513681640625 0.376169244140625 0.851436521484375 0.3705939375 0.86328125 0.35297582421875 0.86328125 0.34864374609375 0.8630251796875 0.34425245703125 0.854923458984375 0.321802818359375 0.84059233984375 0.311973125 0.81323424609375 0.30283237109375 0.78849315625 0.30078125 0.775254064453125 0.30078125 0.746304587890625 0.305113310546875 0.7281909375 0.314326625 0.71347607421875 0.3295054453125 0.7109375 0.34010659765625 0.7109375 0.346463990234375 0.715784529296875 0.356259580078125
0 0.9075622421875 0.45649073828125 0.916716640625 0.4457796015625 0.920179572265625 0.421711611328125 0.899637001953125 0.405188421875 0.863359287109375 0.389693728515625 0.83741826171875 0.388968369140625 0.8105827265625 0.391396599609375 0.7838099765625 0.400072263671875 0.76446539453125 0.41059140625 0.751953125 0.42763585546875 0.751953125 0.44749682421875 0.7565717734375 0.454592306640625 0.7761675078125 0.469062892578125 0.795409091796875 0.47265625 0.866761974609375 0.47265625 0.88545041015625 0.4681407421875 0.9075622421875 0.45649073828125
0 0.73842844140625 0.4040010703125 0.70984479296875 0.400748109375 0.680838865234375 0.404245986328125 0.669391767578125 0.409101060546875 0.65732749609375 0.42382275 0.654374779296875 0.44133593359375 0.65738923828125 0.452526865234375 0.673146876953125 0.46783360546875 0.691043666015625 0.474609375 0.759628171875 0.474609375 0.773279783203125 0.470355234375 0.75577129296875 0.4533477421875 0.74988694140625 0.44350040625 0.749774865234375 0.430446587890625 0.76015325390625 0.41298555859375 0.73842844140625 0.4040010703125
0 0.862625599609375 0.564453125 0.868876009765625 0.5637698046875 0.891589072265625 0.557358236328125 0.905029099609375 0.5508890234375 0.91224237109375 0.527323158203125 0.912372314453125 0.51219023046875 0.902196556640625 0.498501421875 0.8781657421875 0.4839463984375 0.856324634765625 0.477881958984375 0.822620224609375 0.47527290625 0.820760130859375 0.475286685546875 0.775980693359375 0.485911533203125 0.7593700078125 0.497925671875 0.755859375 0.50599748046875 0.755859375 0.5164376484375 0.758477103515625 0.52397510546875 0.781635962890625 0.55100613671875 0.7959787109375 0.55816809765625 0.81416146484375 0.56348171484375 0.8241906015625 0.564453125 0.862625599609375 0.564453125
0 0.699373720703125 0.591117677734375 0.721113978515625 0.603147423828125 0.743952796875 0.607421875 0.78181182421875 0.607421875 0.80919891015625 0.60283742578125 0.830124451171875 0.5903235234375 0.8351686796875 0.580668953125 0.83455201171875 0.57333947265625 0.831930875 0.569559677734375 0.7988908515625 0.561659873046875 0.783472224609375 0.55359401953125 0.7727012421875 0.545238037109375 0.7621946484375 0.530639091796875 0.75380472265625 0.52734375 0.736657080078125 0.52734375 0.712083806640625 0.531795556640625 0.696951359375 0.5388628828125 0.686246232421875 0.550842548828125 0.685546875 0.558330875 0.685546875 0.570492236328125 0.699373720703125 0.591117677734375
0 0.63980020703125 0.52667791796875 0.639034517578125 0.535887525390625 0.639458919921875 0.56453462109375 0.639559162109375 0.5647293515625 0.660310173828125 0.57571958984375 0.679567859375 0.58006389453125 0.68144398828125 0.580077791015625 0.683532060546875 0.5587393046875 0.68968114453125 0.548262689453125 0.707879015625 0.5381953828125 0.73882123046875 0.53276318359375 0.740234375 0.530684498046875 0.740234375 0.529012279296875 0.73737285546875 0.52535018359375 0.72477168359375 0.518118599609375 0.702781068359375 0.512769177734375 0.668426685546875 0.512722697265625 0.64863726953125 0.51797348046875 0.63980020703125 0.52667791796875