1 0.265740740234375 0 0.215740740234375 0.046875 0.215740740234375 0.0515625 0.2305555546875 0.053645833984375 0.262037037109375 0.052604166015625 0.308333333984375 0.055729166015625 0.44907407421875 0.057291666015625 0.45462962890625 0.053645833984375 0.4555555546875 0.0453125 0.453703703125 0 0.265740740234375 0
1 0.64537037109375 0 0.642592591796875 0.0265625 0.64907407421875 0.057291666015625 0.65462962890625 0.060416666015625 0.6944444453125 0.064583333984375 0.75092592578125 0.066666666015625 0.87222222265625 0.0703125 0.92407407421875 0.069791666015625 0.92222222265625 0.0625 0.837962962890625 0.0078125 0.82222222265625 0 0.64537037109375 0
0 0.356481482421875 0.491666666015625 0.37222222265625 0.488020833984375 0.410185185546875 0.468229166015625 0.418518517578125 0.45625 0.414814814453125 0.4421875 0.3981481484375 0.421875 0.37962962890625 0.413020833984375 0.35462962890625 0.40625 0.312962962890625 0.407291666015625 0.286111111328125 0.413020833984375 0.262037037109375 0.425 0.24907407421875 0.444791666015625 0.2481481484375 0.452604166015625 0.258333333984375 0.46875 0.287037037109375 0.484375 0.312037037109375 0.4921875 0.32777777734375 0.490104166015625 0.356481482421875 0.491666666015625
0 0.515740740234375 0.480208333984375 0.528703703125 0.475 0.55277777734375 0.452083333984375 0.553703703125 0.431770833984375 0.546296296875 0.419791666015625 0.536111111328125 0.4140625 0.4981481484375 0.4046875 0.47407407421875 0.404166666015625 0.45277777734375 0.407291666015625 0.432407408203125 0.418229166015625 0.42222222265625 0.432291666015625 0.421296296875 0.4453125 0.428703703125 0.4609375 0.44907407421875 0.475520833984375 0.47037037109375 0.481770833984375 0.503703703125 0.4828125 0.515740740234375 0.480208333984375
0 0.643518517578125 0.529166666015625 0.653703703125 0.525520833984375 0.678703703125 0.509895833984375 0.687037037109375 0.496875 0.687962962890625 0.475520833984375 0.678703703125 0.463020833984375 0.65092592578125 0.45 0.621296296875 0.444270833984375 0.590740740234375 0.44375 0.553703703125 0.454166666015625 0.536111111328125 0.4671875 0.528703703125 0.477604166015625 0.528703703125 0.492708333984375 0.535185185546875 0.505208333984375 0.567592591796875 0.527604166015625 0.586111111328125 0.531770833984375 0.62037037109375 0.533333333984375 0.643518517578125 0.529166666015625
0 0.80277777734375 0.5453125 0.8305555546875 0.5359375 0.8518518515625 0.522916666015625 0.860185185546875 0.511979166015625 0.862962962890625 0.502083333984375 0.862037037109375 0.493229166015625 0.853703703125 0.479166666015625 0.838888888671875 0.466666666015625 0.813888888671875 0.456770833984375 0.79537037109375 0.454166666015625 0.759259259765625 0.454166666015625 0.7444444453125 0.4578125 0.706481482421875 0.4734375 0.69537037109375 0.4828125 0.689814814453125 0.4921875 0.687962962890625 0.505729166015625 0.7018518515625 0.525520833984375 0.737962962890625 0.540625 0.7731481484375 0.547916666015625 0.782407408203125 0.5484375 0.80277777734375 0.5453125
0 0.688888888671875 0.484895833984375 0.713888888671875 0.468229166015625 0.740740740234375 0.458333333984375 0.746296296875 0.451041666015625 0.74722222265625 0.4359375 0.740740740234375 0.424479166015625 0.725 0.413541666015625 0.703703703125 0.407291666015625 0.6768518515625 0.404166666015625 0.64907407421875 0.404166666015625 0.6268518515625 0.407291666015625 0.6055555546875 0.417708333984375 0.5944444453125 0.431770833984375 0.592592591796875 0.439583333984375 0.59537037109375 0.442708333984375 0.637962962890625 0.446354166015625 0.664814814453125 0.455208333984375 0.684259259765625 0.467708333984375 0.688888888671875 0.484895833984375
2 0.35092592578125 0.354166666015625 0.368518517578125 0.35625 0.382407408203125 0.34375 0.393518517578125 0.338020833984375 0.4018518515625 0.3203125 0.442592591796875 0.280208333984375 0.44537037109375 0.271354166015625 0.439814814453125 0.268229166015625 0.4 0.266666666015625 0.25462962890625 0.266145833984375 0.25 0.270833333984375 0.237962962890625 0.274479166015625 0.22037037109375 0.295833333984375 0.1805555546875 0.3296875 0.181481482421875 0.335416666015625 0.188888888671875 0.338541666015625 0.237962962890625 0.333854166015625 0.2768518515625 0.336979166015625 0.3444444453125 0.351041666015625 0.35092592578125 0.354166666015625
2 0.52962962890625 0.3671875 0.5731481484375 0.3609375 0.653703703125 0.338020833984375 0.682407408203125 0.323958333984375 0.696296296875 0.3140625 0.7 0.307291666015625 0.6944444453125 0.300520833984375 0.67407407421875 0.290104166015625 0.643518517578125 0.285416666015625 0.612037037109375 0.275520833984375 0.6018518515625 0.274479166015625 0.591666666015625 0.278125 0.564814814453125 0.280729166015625 0.489814814453125 0.302083333984375 0.463888888671875 0.306770833984375 0.403703703125 0.325520833984375 0.39722222265625 0.33125 0.39722222265625 0.348958333984375 0.42592592578125 0.358333333984375 0.4481481484375 0.361979166015625 0.47592592578125 0.360416666015625 0.484259259765625 0.363020833984375 0.52962962890625 0.3671875
2 0.818518517578125 0.3640625 0.868518517578125 0.3546875 0.921296296875 0.3484375 0.936111111328125 0.34375 0.933333333984375 0.336979166015625 0.912962962890625 0.323958333984375 0.907407408203125 0.315104166015625 0.89537037109375 0.308333333984375 0.882407408203125 0.292708333984375 0.8944444453125 0.28125 0.89537037109375 0.270833333984375 0.891666666015625 0.267708333984375 0.840740740234375 0.269270833984375 0.785185185546875 0.275 0.7731481484375 0.278645833984375 0.6981481484375 0.279166666015625 0.690740740234375 0.281770833984375 0.690740740234375 0.2875 0.70462962890625 0.3078125 0.7018518515625 0.3609375 0.7055555546875 0.364583333984375 0.716666666015625 0.366145833984375 0.818518517578125 0.3640625
2 0.564814814453125 0.555729166015625 0.5694444453125 0.553645833984375 0.564814814453125 0.529166666015625 0.533333333984375 0.506770833984375 0.412037037109375 0.4984375 0.3194444453125 0.500520833984375 0.310185185546875 0.498958333984375 0.30092592578125 0.506770833984375 0.286111111328125 0.536979166015625 0.285185185546875 0.550520833984375 0.296296296875 0.558333333984375 0.306481482421875 0.561458333984375 0.506481482421875 0.566145833984375 0.534259259765625 0.557291666015625 0.564814814453125 0.555729166015625