2 0.392578125 0.3740234375 0.187744140625 0.103271484375
2 0.0859375 0.369140625 0.171875 0.10498046875
0 0.375 0.556640625 0.167724609375 0.08935546875
1 0.427734375 0.1357421875 0.21533203125 0.088134765625
0 0.486328125 0.5205078125 0.14501953125 0.087646484375
2 0.55859375 0.3779296875 0.195556640625 0.0859375
0 0.2099609375 0.5498046875 0.154052734375 0.09375
1 0.119140625 0.1259765625 0.238037109375 0.084228515625
0 0.0732421875 0.5166015625 0.146484375 0.084228515625
0 0.2587890625 0.4853515625 0.142578125 0.064208984375
2 0.087141521484375 0.3965095859375 0.087058638671875 0.407698701171875 0.125150138671875 0.414123873046875 0.149554931640625 0.41042696484375 0.22561829296875 0.4104837421875 0.24596869921875 0.4112343515625 0.28252140234375 0.416015625 0.293621537109375 0.416015625 0.300718283203125 0.41100260546875 0.30078125 0.41018796875 0.30078125 0.4007102421875 0.294017712890625 0.377675607421875 0.300120337890625 0.35873049609375 0.297271353515625 0.347583 0.27511297265625 0.33203125 0.24963127734375 0.33203125 0.217717072265625 0.332682142578125 0.195118484375 0.337014376953125 0.15891309765625 0.3373613984375 0.141009875 0.352956626953125 0.13747687890625 0.3626602265625 0.129448458984375 0.3705155859375 0.1265181640625 0.3724216796875 0.117326421875 0.371324373046875 0.108133734375 0.382240990234375 0.087141521484375 0.3965095859375