0 0.486328125 0.6689453125 0.113525390625 0.060791015625
0 0.7080078125 0.650390625 0.103759765625 0.058837890625
0 0.6025390625 0.6669921875 0.111328125 0.0625
2 0.48046875 0.5400390625 0.11669921875 0.0546875
2 0.3662109375 0.5439453125 0.127197265625 0.044921875
1 0.443359375 0.404296875 0.132568359375 0.03466796875
2 0.6865234375 0.537109375 0.126953125 0.054443359375
1 0.6162109375 0.392578125 0.118896484375 0.031494140625
0 0.4443359375 0.6240234375 0.083984375 0.044677734375
2 0.5810546875 0.541015625 0.123291015625 0.047119140625
0 0.550178203125 0.651717310546875 0.5553456015625 0.651755587890625 0.567565708984375 0.642369400390625 0.5848888671875 0.63689591796875 0.60977283203125 0.634211486328125 0.631230748046875 0.636896708984375 0.634711310546875 0.63256769921875 0.63231683203125 0.622244486328125 0.6291885 0.615605140625 0.616704568359375 0.6073006015625 0.604654837890625 0.60546875 0.58787291015625 0.60546875 0.570308171875 0.606259169921875 0.5556772109375 0.610046857421875 0.543086369140625 0.617393576171875 0.537109375 0.626761341796875 0.537109375 0.638383423828125 0.550178203125 0.651717310546875
0 0.386580091796875 0.677284490234375 0.40410608203125 0.6796875 0.405446185546875 0.6796875 0.4284761484375 0.672703599609375 0.44018678515625 0.657161404296875 0.4561332421875 0.652263896484375 0.463770873046875 0.646410134765625 0.460479982421875 0.635293787109375 0.453350724609375 0.62762444140625 0.421868423828125 0.6264969453125 0.40462629296875 0.623046875 0.39885583203125 0.623046875 0.3799723671875 0.6310778359375 0.370308009765625 0.64151575390625 0.369140625 0.6516304140625 0.369140625 0.653932138671875 0.374882615234375 0.667812486328125 0.386580091796875 0.677284490234375