2 0.7568359375 0.6396484375 0.224853515625 0.16015625
0 0.318359375 0.650390625 0.160400390625 0.093505859375
1 0.734375 0.34765625 0.339599609375 0.105712890625
2 0.412109375 0.443359375 0.222900390625 0.113525390625
1 0.8984375 0.4560546875 0.203125 0.138671875
0 0.57421875 0.7392578125 0.152587890625 0.092041015625
0 0.2314453125 0.5771484375 0.162353515625 0.088134765625
0 0.48828125 0.6533203125 0.1328125 0.076171875
0 0.3671875 0.5908203125 0.120849609375 0.072265625
2 0.50988377734375 0.5598440703125 0.5559293046875 0.594384109375 0.584424671875 0.622934349609375 0.60928578515625 0.642054720703125 0.622787775390625 0.646484375 0.63350887109375 0.646484375 0.639818189453125 0.64563239453125 0.647283470703125 0.637929634765625 0.66493007421875 0.63089859765625 0.667750291015625 0.625210583984375 0.721739490234375 0.587464529296875 0.7236685 0.577075294921875 0.70626109375 0.5518146640625 0.68323640234375 0.5348050625 0.669386095703125 0.529390966796875 0.666589025390625 0.531953982421875 0.65175877734375 0.5338178359375 0.636052759765625 0.528897140625 0.632372205078125 0.525717271484375 0.61855524609375 0.5234375 0.618207869140625 0.5234375 0.60738377734375 0.523784400390625 0.54800877734375 0.538531486328125 0.518340568359375 0.543300861328125 0.51091001171875 0.546316123046875 0.508085939453125 0.552524970703125 0.50988377734375 0.5598440703125
2 0.421978068359375 0.488890251953125 0.421875 0.490612701171875 0.421875 0.495029068359375 0.43086979296875 0.510815271484375 0.445680638671875 0.526833126953125 0.470534318359375 0.545539046875 0.49209525 0.5572648046875 0.499231232421875 0.55859375 0.501212099609375 0.55859375 0.634952990234375 0.526157962890625 0.65263909375 0.52512915234375 0.660282369140625 0.521412279296875 0.6683300859375 0.510936478515625 0.61427219921875 0.484221671875 0.569955072265625 0.44974126953125 0.548137904296875 0.44140625 0.546845595703125 0.44140625 0.5317477421875 0.452672796875 0.513874970703125 0.456821111328125 0.509928892578125 0.46075921875 0.47177475 0.478303748046875 0.447525224609375 0.4805051484375 0.421978068359375 0.488890251953125