1 0.701171875 0.7548828125 0.254150390625 0.16015625
1 0.498046875 0.802734375 0.20654296875 0.179443359375
2 0.1630859375 0.46875 0.217041015625 0.097900390625
2 0.384765625 0.4267578125 0.23095703125 0.099609375
0 0.53125 0.5556640625 0.156494140625 0.088134765625
0 0.455078125 0.6162109375 0.171630859375 0.1015625
2 0.6162109375 0.3828125 0.26171875 0.086181640625
0 0.7294921875 0.58203125 0.189697265625 0.10205078125
0 0.3251953125 0.677734375 0.201416015625 0.109375
1 0.9501953125 0.044921875 0.091796875 0.08984375
0 0.2666015625 0.62109375 0.1484375 0.07763671875
0 0.697265625 0.5283203125 0.16796875 0.072509765625