2 0.66796875 0.48046875 0.297119140625 0.11328125
0 0.54296875 0.2587890625 0.21875 0.138916015625
2 0.5205078125 0.5302734375 0.212890625 0.119384765625
1 0.7744140625 0.287109375 0.291259765625 0.086181640625
2 0.5029296875 0.7431640625 0.279052734375 0.122802734375
2 0.2119140625 0.572265625 0.1171875 0.109130859375
0 0.69921875 0.6220703125 0.144287109375 0.078125
0 0.5732421875 0.6552734375 0.1484375 0.075927734375
2 0.40625 0.556640625 0.124755859375 0.116943359375
1 0.3466796875 0.326171875 0.474609375 0.129150390625
0 0.24609375 0.6953125 0.0859375 0.07861328125