2 0.3046875 0.5234375 0.1484375 0.119140625
0 0.4453125 0.6533203125 0.13671875 0.0810546875
1 0.1826171875 0.328125 0.1611328125 0.09375
2 0.4521484375 0.494140625 0.177734375 0.107421875
2 0.69140625 0.396484375 0.185546875 0.095703125
0 0.595703125 0.6318359375 0.154296875 0.0859375
0 0.724609375 0.5908203125 0.15625 0.0849609375
0 0.6875 0.513671875 0.1064453125 0.068359375
1 0.4033203125 0.2578125 0.2314453125 0.0771484375
2 0.52777777734375 0.483854166015625 0.52037037109375 0.4875 0.521296296875 0.491145833984375 0.537037037109375 0.491145833984375 0.581481482421875 0.478645833984375 0.62777777734375 0.45 0.637037037109375 0.439583333984375 0.635185185546875 0.4359375 0.6194444453125 0.4296875 0.587037037109375 0.398958333984375 0.584259259765625 0.388020833984375 0.57962962890625 0.383854166015625 0.540740740234375 0.391145833984375 0.487962962890625 0.4203125 0.45277777734375 0.427604166015625 0.45277777734375 0.436979166015625 0.459259259765625 0.4421875 0.471296296875 0.44375 0.4944444453125 0.459375 0.532407408203125 0.4734375 0.52777777734375 0.483854166015625
0 0.560185185546875 0.589583333984375 0.589814814453125 0.586458333984375 0.612962962890625 0.5890625 0.618518517578125 0.584895833984375 0.614814814453125 0.569791666015625 0.606481482421875 0.55625 0.5944444453125 0.547395833984375 0.57037037109375 0.540625 0.543518517578125 0.540104166015625 0.5194444453125 0.545833333984375 0.4944444453125 0.558333333984375 0.484259259765625 0.570833333984375 0.485185185546875 0.583854166015625 0.492592591796875 0.592708333984375 0.515740740234375 0.607291666015625 0.52222222265625 0.608854166015625 0.543518517578125 0.595833333984375 0.560185185546875 0.589583333984375
0 0.817592591796875 0.5609375 0.831481482421875 0.5453125 0.832407408203125 0.525 0.821296296875 0.509895833984375 0.8 0.496354166015625 0.782407408203125 0.4921875 0.74907407421875 0.491145833984375 0.7268518515625 0.494270833984375 0.69907407421875 0.50625 0.687962962890625 0.520833333984375 0.688888888671875 0.544270833984375 0.7055555546875 0.548958333984375 0.74537037109375 0.547916666015625 0.761111111328125 0.55 0.793518517578125 0.566145833984375 0.817592591796875 0.5609375