2 0.1259765625 0.5009765625 0.228515625 0.140625
1 0.15625 0.259765625 0.3125 0.12158203125
0 0.3525390625 0.6630859375 0.165771484375 0.099365234375
2 0.3212890625 0.4921875 0.232421875 0.11767578125
0 0.1875 0.650390625 0.159912109375 0.090087890625
2 0.6123046875 0.4267578125 0.236083984375 0.103515625
1 0.44140625 0.2314453125 0.367431640625 0.107421875
0 0.5048828125 0.6376953125 0.158447265625 0.088134765625
0 0.6328125 0.5966796875 0.159912109375 0.084228515625
0 0.5048828125 0.5712890625 0.130859375 0.060546875
0 0.3388671875 0.59765625 0.150390625 0.062255859375
2 0.483389224609375 0.41130108203125 0.477555591796875 0.393615349609375 0.44328651171875 0.39336150390625 0.421636005859375 0.39843769140625 0.402491537109375 0.405555357421875 0.336241474609375 0.416356091796875 0.31126604296875 0.41747955859375 0.30859375 0.422051607421875 0.30859375 0.4245989140625 0.314813474609375 0.434525337890625 0.328875958984375 0.438063759765625 0.336205869140625 0.43616991796875 0.340116583984375 0.44068637109375 0.366555357421875 0.451488685546875 0.388532890625 0.466141302734375 0.401693763671875 0.47024165625 0.410440208984375 0.479232955078125 0.419830802734375 0.481938783203125 0.423741515625 0.486455236328125 0.423448451171875 0.50054552734375 0.4198420078125 0.50279325390625 0.422385896484375 0.50390625 0.452002369140625 0.50390625 0.481747859375 0.498444423828125 0.512660072265625 0.485062294921875 0.53099655078125 0.480587845703125 0.5472723515625 0.47151372265625 0.550235291015625 0.46786235546875 0.55026076171875 0.464423736328125 0.5428467109375 0.45555019921875 0.53532955859375 0.45328146875 0.5124270078125 0.438670462890625 0.483389224609375 0.41130108203125