1 0.4231481484375 0.29375 0.40462962890625 0.283333333984375 0.4018518515625 0.279166666015625 0.368518517578125 0.259895833984375 0.362962962890625 0.258854166015625 0.358333333984375 0.253645833984375 0.313888888671875 0.228645833984375 0.2981481484375 0.230729166015625 0.214814814453125 0.251041666015625 0.190740740234375 0.261458333984375 0.189814814453125 0.266145833984375 0.196296296875 0.276041666015625 0.271296296875 0.344791666015625 0.42037037109375 0.308854166015625 0.428703703125 0.303645833984375 0.4231481484375 0.29375
1 0.4305555546875 0.2515625 0.50462962890625 0.284375 0.532407408203125 0.28125 0.6444444453125 0.252604166015625 0.667592591796875 0.248958333984375 0.678703703125 0.241666666015625 0.67962962890625 0.2375 0.675 0.232291666015625 0.50462962890625 0.182291666015625 0.393518517578125 0.210416666015625 0.388888888671875 0.214583333984375 0.39907407421875 0.2328125 0.407407408203125 0.2375 0.412037037109375 0.236979166015625 0.412962962890625 0.240625 0.4305555546875 0.2515625
2 0.4018518515625 0.51875 0.418518517578125 0.511458333984375 0.42592592578125 0.5046875 0.4268518515625 0.494791666015625 0.414814814453125 0.480729166015625 0.408333333984375 0.459895833984375 0.389814814453125 0.421875 0.383333333984375 0.415104166015625 0.371296296875 0.4171875 0.32777777734375 0.433854166015625 0.256481482421875 0.465104166015625 0.256481482421875 0.469791666015625 0.2731481484375 0.494270833984375 0.281481482421875 0.519791666015625 0.290740740234375 0.527083333984375 0.3555555546875 0.531770833984375 0.4018518515625 0.51875
2 0.457407408203125 0.505729166015625 0.4805555546875 0.499479166015625 0.503703703125 0.490625 0.5194444453125 0.481770833984375 0.582407408203125 0.463020833984375 0.587037037109375 0.459375 0.587962962890625 0.452083333984375 0.5805555546875 0.4453125 0.539814814453125 0.428125 0.525 0.417708333984375 0.5018518515625 0.410416666015625 0.484259259765625 0.402083333984375 0.425 0.421354166015625 0.4194444453125 0.428645833984375 0.40277777734375 0.438541666015625 0.4018518515625 0.444270833984375 0.412037037109375 0.4609375 0.417592591796875 0.478125 0.432407408203125 0.494791666015625 0.432407408203125 0.508333333984375 0.457407408203125 0.505729166015625
2 0.6194444453125 0.458333333984375 0.64722222265625 0.449479166015625 0.658333333984375 0.444791666015625 0.681481482421875 0.428645833984375 0.678703703125 0.419270833984375 0.6555555546875 0.403645833984375 0.631481482421875 0.379166666015625 0.62962962890625 0.364583333984375 0.6231481484375 0.359895833984375 0.5944444453125 0.363541666015625 0.55277777734375 0.378645833984375 0.533333333984375 0.383333333984375 0.50092592578125 0.386979166015625 0.487037037109375 0.391145833984375 0.487037037109375 0.4 0.533333333984375 0.421354166015625 0.54907407421875 0.431770833984375 0.57592592578125 0.4421875 0.60462962890625 0.458854166015625 0.6194444453125 0.458333333984375
2 0.75092592578125 0.415625 0.782407408203125 0.403645833984375 0.810185185546875 0.390625 0.82407407421875 0.380208333984375 0.837962962890625 0.375 0.8444444453125 0.366145833984375 0.840740740234375 0.363541666015625 0.77407407421875 0.355729166015625 0.764814814453125 0.352083333984375 0.756481482421875 0.3515625 0.75 0.3484375 0.740740740234375 0.33125 0.72592592578125 0.329166666015625 0.703703703125 0.336458333984375 0.67222222265625 0.354166666015625 0.664814814453125 0.355729166015625 0.638888888671875 0.369270833984375 0.640740740234375 0.383333333984375 0.65462962890625 0.401041666015625 0.682407408203125 0.420833333984375 0.69907407421875 0.427604166015625 0.7055555546875 0.428125 0.75092592578125 0.415625
0 0.458333333984375 0.631770833984375 0.47037037109375 0.6265625 0.484259259765625 0.613541666015625 0.488888888671875 0.5984375 0.482407408203125 0.580729166015625 0.465740740234375 0.568229166015625 0.446296296875 0.561979166015625 0.4231481484375 0.560416666015625 0.3981481484375 0.563541666015625 0.37407407421875 0.573958333984375 0.357407408203125 0.591666666015625 0.360185185546875 0.603645833984375 0.37962962890625 0.624479166015625 0.390740740234375 0.63125 0.4055555546875 0.635416666015625 0.433333333984375 0.6359375 0.458333333984375 0.631770833984375
0 0.633333333984375 0.616145833984375 0.636111111328125 0.613020833984375 0.642592591796875 0.595833333984375 0.637962962890625 0.578645833984375 0.62222222265625 0.564583333984375 0.5944444453125 0.552604166015625 0.582407408203125 0.55 0.562037037109375 0.549479166015625 0.543518517578125 0.553125 0.52037037109375 0.563020833984375 0.5055555546875 0.5796875 0.503703703125 0.597395833984375 0.512037037109375 0.609375 0.5305555546875 0.6203125 0.556481482421875 0.629166666015625 0.591666666015625 0.63125 0.633333333984375 0.616145833984375
0 0.543518517578125 0.553125 0.558333333984375 0.549479166015625 0.582407408203125 0.549479166015625 0.587037037109375 0.547916666015625 0.591666666015625 0.536979166015625 0.588888888671875 0.521875 0.578703703125 0.510416666015625 0.566666666015625 0.509375 0.511111111328125 0.523958333984375 0.47222222265625 0.536979166015625 0.47037037109375 0.543229166015625 0.482407408203125 0.5546875 0.49722222265625 0.561979166015625 0.514814814453125 0.566145833984375 0.5305555546875 0.557291666015625 0.543518517578125 0.553125
0 0.757407408203125 0.586458333984375 0.771296296875 0.569270833984375 0.77222222265625 0.553125 0.762962962890625 0.540625 0.746296296875 0.530208333984375 0.72777777734375 0.5265625 0.681481482421875 0.523958333984375 0.661111111328125 0.527604166015625 0.643518517578125 0.536458333984375 0.631481482421875 0.552604166015625 0.632407408203125 0.569791666015625 0.646296296875 0.585416666015625 0.668518517578125 0.5953125 0.70277777734375 0.6015625 0.72777777734375 0.597395833984375 0.757407408203125 0.586458333984375
0 0.77592592578125 0.541145833984375 0.785185185546875 0.538020833984375 0.803703703125 0.522395833984375 0.8055555546875 0.5078125 0.7981481484375 0.491666666015625 0.787037037109375 0.48125 0.764814814453125 0.471875 0.72407407421875 0.469270833984375 0.7055555546875 0.4734375 0.69537037109375 0.4765625 0.681481482421875 0.4859375 0.6731481484375 0.498958333984375 0.67222222265625 0.511979166015625 0.67962962890625 0.521354166015625 0.735185185546875 0.527083333984375 0.75 0.53125 0.7694444453125 0.540625 0.77592592578125 0.541145833984375
0 0.691666666015625 0.477083333984375 0.658333333984375 0.483854166015625 0.625 0.49375 0.62407407421875 0.4984375 0.637962962890625 0.508333333984375 0.6481481484375 0.511979166015625 0.668518517578125 0.5140625 0.67592592578125 0.490104166015625 0.691666666015625 0.477083333984375