2 0.7666015625 0.2294921875 0.30078125 0.1298828125
2 0.4921875 0.234375 0.232421875 0.1318359375
1 0.40234375 0.5712890625 0.125 0.0927734375
2 0.236328125 0.2431640625 0.236328125 0.134765625
1 0.6015625 0.568359375 0.1416015625 0.0966796875
0 0.3056640625 0.462890625 0.1875 0.09765625
0 0.4580078125 0.41796875 0.162109375 0.095703125
0 0.2822265625 0.38671875 0.1435546875 0.06640625
0 0.7275390625 0.447265625 0.181640625 0.0986328125
0 0.734375 0.37890625 0.1630859375 0.064453125
0 0.56640625 0.3779296875 0.1630859375 0.05859375