1 0.3564453125 0.208984375 0.205078125 0.15185546875
1 0.6640625 0.2177734375 0.22705078125 0.15234375
2 0.4306640625 0.4189453125 0.197265625 0.103759765625
2 0.583984375 0.4091796875 0.1640625 0.115478515625
2 0.751953125 0.412109375 0.19921875 0.105224609375
0 0.416015625 0.5625 0.13720703125 0.081787109375
0 0.5625 0.5712890625 0.14794921875 0.080078125
0 0.2763671875 0.5341796875 0.135009765625 0.05859375
0 0.4375 0.5166015625 0.10107421875 0.017822265625
2 0.1852149609375 0.416261275390625 0.17295334765625 0.447584388671875 0.17254659765625 0.457512109375 0.1892154296875 0.4609375 0.267346783203125 0.4609375 0.321661693359375 0.4554958046875 0.35725355078125 0.391829935546875 0.376953125 0.348727275390625 0.376953125 0.346814083984375 0.3766584375 0.3452651953125 0.334866869140625 0.344955626953125 0.330731962890625 0.3455625390625 0.313136220703125 0.345832806640625 0.215558712890625 0.3585686015625 0.21205089453125 0.3623772890625 0.2131936171875 0.366498251953125 0.203567556640625 0.377362388671875 0.200768453125 0.394699439453125 0.1852149609375 0.416261275390625
0 0.6736605703125 0.564453125 0.69092470703125 0.55986326953125 0.706098708984375 0.548749470703125 0.714772853515625 0.537406623046875 0.71484375 0.536450166015625 0.71484375 0.51259010546875 0.7133281640625 0.5098295859375 0.706746533203125 0.508039568359375 0.5975279765625 0.51086825390625 0.584746328125 0.51457271875 0.5838527421875 0.51711689453125 0.5838527421875 0.53459598828125 0.58401460546875 0.535989119140625 0.622743291015625 0.549892755859375 0.636188546875 0.564453125 0.6736605703125 0.564453125