0 0.07363912890625 0.56960925390625 0.104457720703125 0.58507266796875 0.147465357421875 0.597434763671875 0.172503498046875 0.6006441640625 0.220168134765625 0.60029109375 0.247554322265625 0.597766064453125 0.290994466796875 0.579907900390625 0.31121558984375 0.563090783203125 0.325055224609375 0.543901103515625 0.326171875 0.5295887890625 0.326171875 0.512891916015625 0.32147119921875 0.49994444140625 0.31102636328125 0.484876123046875 0.294059603515625 0.470557173828125 0.266039466796875 0.454698267578125 0.25052484765625 0.449308005859375 0.211908234375 0.44235717578125 0.19730805859375 0.44140625 0.175690064453125 0.44140625 0.159065294921875 0.442587017578125 0.101058955078125 0.454576205078125 0.067126427734375 0.467126927734375 0.052853294921875 0.4753482421875 0.038439728515625 0.48669148828125 0.029435822265625 0.501406322265625 0.028616626953125 0.519617572265625 0.036145982421875 0.5376829921875 0.057456955078125 0.558453845703125 0.07363912890625 0.56960925390625
0 0.83561602734375 0.583210837890625 0.803764185546875 0.60412144921875 0.79315821484375 0.62272728125 0.794628017578125 0.642474578125 0.803431025390625 0.65936077734375 0.826161017578125 0.6773238125 0.861763498046875 0.69171134765625 0.8854932109375 0.6953125 0.944881697265625 0.6953125 0.9683222109375 0.692159328125 0.997365560546875 0.684370541015625 0.9978413515625 0.62013868359375 0.99674225 0.580190720703125 0.9742700390625 0.571596974609375 0.927090748046875 0.564437181640625 0.92626923046875 0.564437181640625 0.88706302734375 0.567347298828125 0.863097640625 0.571831083984375 0.83561602734375 0.583210837890625
0 0.998046875 0.746666962890625 0.998046875 0.730392267578125 0.995853171875 0.73035976953125 0.927317642578125 0.754425953125 0.91072576953125 0.758406345703125 0.873985177734375 0.773732548828125 0.871239052734375 0.775350720703125 0.872717498046875 0.77734375 0.94179188671875 0.77734375 0.964696625 0.77086766015625 0.985771185546875 0.759503244140625 0.998046875 0.746666962890625
0 0.39453125 0.711823185546875 0.39453125 0.7059030859375 0.3894390859375 0.705865365234375 0.357519998046875 0.715340494140625 0.2882018203125 0.740356349609375 0.282792158203125 0.7437279375 0.28361046875 0.74609375 0.3335580234375 0.74609375 0.350388537109375 0.74225137890625 0.367659568359375 0.734696609375 0.38744818359375 0.7212934765625 0.39453125 0.711823185546875
0 0.263654328125 0.701274064453125 0.26629889453125 0.703125 0.277265212890625 0.703125 0.294921875 0.699041798828125 0.294921875 0.684845794921875 0.290508919921875 0.682525955078125 0.2622964375 0.69134193359375 0.263654328125 0.701274064453125
0 0.26137427734375 0.660342021484375 0.244517818359375 0.6654860390625 0.249457142578125 0.677734375 0.260870625 0.677734375 0.2748729921875 0.67175757421875 0.27734375 0.667901673828125 0.27734375 0.659510091796875 0.277178134765625 0.65880930078125 0.26137427734375 0.660342021484375
0 0.36515587890625 0.674973875 0.36516786328125 0.67335600390625 0.362820333984375 0.6669756796875 0.35631807421875 0.66500578125 0.333233248046875 0.6716588203125 0.330078125 0.67805116015625 0.330078125 0.67974260546875 0.332590146484375 0.68359375 0.3460876484375 0.68359375 0.36515587890625 0.674973875
0 0.2181334375 0.71252580078125 0.223951578125 0.716796875 0.23113712890625 0.716796875 0.232421875 0.716695392578125 0.232421875 0.7077623671875 0.2291828203125 0.704357078125 0.21809871484375 0.70783830078125 0.2181334375 0.71252580078125
0 0.320025482421875 0.642438837890625 0.318870740234375 0.6507257734375 0.32119151953125 0.65234375 0.330742056640625 0.65234375 0.331814837890625 0.651794517578125 0.33203125 0.6498729765625 0.33203125 0.640799669921875 0.32472509375 0.64003277734375 0.320025482421875 0.642438837890625
2 0.64060715625 0.481417970703125 0.60086553125 0.4541550859375 0.56448104296875 0.43607596875 0.528728357421875 0.4132606015625 0.5066105234375 0.3859401875 0.488207142578125 0.373521708984375 0.4726590234375 0.37710258203125 0.457370771484375 0.384842126953125 0.3911097734375 0.40829152734375 0.34326678515625 0.429546318359375 0.310517150390625 0.439942560546875 0.26630579296875 0.459926693359375 0.26171875 0.463364544921875 0.26171875 0.46424023046875 0.275943345703125 0.470631685546875 0.290012056640625 0.482972943359375 0.303307453125 0.487882650390625 0.324143828125 0.509542642578125 0.3390308828125 0.539924203125 0.355553484375 0.551938341796875 0.382616890625 0.584168357421875 0.3963136796875 0.59375 0.436829412109375 0.59375 0.44977278515625 0.589887388671875 0.575096490234375 0.546569564453125 0.636509365234375 0.519770064453125 0.66014744140625 0.51203062890625 0.6728798671875 0.502411373046875 0.672941669921875 0.49406789453125 0.6661438671875 0.489215798828125 0.6604365625 0.48696311328125 0.656804931640625 0.48823376953125 0.64060715625 0.481417970703125
2 0.88625743359375 0.37198212109375 0.85508969140625 0.363885423828125 0.800419576171875 0.341760794921875 0.788679404296875 0.334486642578125 0.766586626953125 0.330944681640625 0.751762876953125 0.308943171875 0.74425810546875 0.308095224609375 0.722369521484375 0.3079330859375 0.7127975703125 0.309899986328125 0.70235683203125 0.315713705078125 0.68740064453125 0.318729673828125 0.66385396484375 0.32763769921875 0.554490728515625 0.37148958203125 0.545922271484375 0.376861255859375 0.5375080390625 0.37859026171875 0.53175901171875 0.383038681640625 0.529468115234375 0.393367970703125 0.536538607421875 0.40148704296875 0.6459449375 0.44417515234375 0.65742071875 0.4576938828125 0.715306609375 0.49142357421875 0.730375998046875 0.50390625 0.748570748046875 0.50390625 0.874009548828125 0.464257494140625 0.897776552734375 0.45014565625 0.9156843671875 0.44308414453125 0.957645611328125 0.415145833984375 0.98991490625 0.38970628125 0.989932025390625 0.387395328125 0.95821869921875 0.3797207265625 0.943394705078125 0.37961440625 0.924099328125 0.375669572265625 0.88625743359375 0.37198212109375
1 0.599559802734375 0.951171875 0.621727208984375 0.951171875 0.695086462890625 0.925868865234375 0.737082224609375 0.91545399609375 0.740234375 0.91216896484375 0.740234375 0.908347845703125 0.738437458984375 0.8998926171875 0.7241004375 0.88198809765625 0.683465185546875 0.842979521484375 0.665792833984375 0.84522655859375 0.58174401953125 0.868137283203125 0.54523026171875 0.881429525390625 0.54685232421875 0.889845521484375 0.582659078125 0.935907435546875 0.58435274609375 0.9417221953125 0.599559802734375 0.951171875
1 0.7711662265625 0.89425780078125 0.773142115234375 0.89453125 0.787783126953125 0.89453125 0.80309645703125 0.889974689453125 0.87860569921875 0.874681126953125 0.889726583984375 0.875212998046875 0.904881220703125 0.8714283671875 0.91015625 0.86771362109375 0.91015625 0.85329212890625 0.90753933984375 0.847664201171875 0.847657177734375 0.788735921875 0.76183753125 0.8051406875 0.731339720703125 0.81530253125 0.71914441015625 0.816757185546875 0.713338875 0.81986159765625 0.71307492578125 0.823491203125 0.722103296875 0.840009515625 0.75614378515625 0.8834364765625 0.7711662265625 0.89425780078125