2 0.657407408203125 0.344270833984375 0.6694444453125 0.333854166015625 0.7018518515625 0.327083333984375 0.72592592578125 0.324479166015625 0.7555555546875 0.324479166015625 0.765740740234375 0.327083333984375 0.77592592578125 0.323958333984375 0.778703703125 0.319270833984375 0.7768518515625 0.2984375 0.721296296875 0.233854166015625 0.712962962890625 0.2171875 0.687962962890625 0.215104166015625 0.65462962890625 0.222395833984375 0.610185185546875 0.216666666015625 0.567592591796875 0.2140625 0.562962962890625 0.216145833984375 0.556481482421875 0.230729166015625 0.558333333984375 0.252083333984375 0.5768518515625 0.291666666015625 0.583333333984375 0.2984375 0.6231481484375 0.323958333984375 0.6481481484375 0.345833333984375 0.657407408203125 0.344270833984375
2 0.682407408203125 0.474479166015625 0.706481482421875 0.48125 0.733333333984375 0.4703125 0.768518517578125 0.463541666015625 0.789814814453125 0.4609375 0.840740740234375 0.459895833984375 0.85277777734375 0.45625 0.85092592578125 0.445833333984375 0.837962962890625 0.424479166015625 0.7944444453125 0.358854166015625 0.782407408203125 0.3453125 0.740740740234375 0.353125 0.712037037109375 0.3515625 0.67777777734375 0.353125 0.666666666015625 0.3515625 0.642592591796875 0.3546875 0.639814814453125 0.35625 0.639814814453125 0.373958333984375 0.6444444453125 0.4046875 0.661111111328125 0.4453125 0.67407407421875 0.459375 0.682407408203125 0.474479166015625
2 0.834259259765625 0.639583333984375 0.84537037109375 0.641145833984375 0.85 0.622395833984375 0.866666666015625 0.596875 0.886111111328125 0.583333333984375 0.911111111328125 0.579166666015625 0.912037037109375 0.569791666015625 0.889814814453125 0.542708333984375 0.85462962890625 0.5140625 0.834259259765625 0.494270833984375 0.834259259765625 0.491145833984375 0.831481482421875 0.491666666015625 0.825 0.486458333984375 0.82777777734375 0.484375 0.825 0.480208333984375 0.803703703125 0.484375 0.786111111328125 0.494270833984375 0.714814814453125 0.51875 0.712037037109375 0.523958333984375 0.715740740234375 0.530729166015625 0.736111111328125 0.553125 0.74722222265625 0.572916666015625 0.759259259765625 0.586458333984375 0.834259259765625 0.639583333984375
0 0 0.494791666015625 0.043518517578125 0.50625 0.07222222265625 0.505729166015625 0.113888888671875 0.4953125 0.134259259765625 0.473958333984375 0.139814814453125 0.459895833984375 0.136111111328125 0.448958333984375 0.117592591796875 0.43125 0.089814814453125 0.416666666015625 0.067592591796875 0.413020833984375 0.031481482421875 0.411458333984375 0.003703703125 0.417708333984375 0 0.419270833984375 0 0.494791666015625
0 0.20092592578125 0.4390625 0.1805555546875 0.401041666015625 0.153703703125 0.360416666015625 0.14722222265625 0.359375 0.132407408203125 0.361979166015625 0.115740740234375 0.367708333984375 0.10462962890625 0.374479166015625 0.09537037109375 0.389583333984375 0.0944444453125 0.397916666015625 0.1018518515625 0.41875 0.133333333984375 0.441666666015625 0.1805555546875 0.446875 0.20092592578125 0.444791666015625 0.20092592578125 0.4390625
0 0.209259259765625 0.597395833984375 0.231481482421875 0.590625 0.237962962890625 0.583854166015625 0.2444444453125 0.581770833984375 0.261111111328125 0.55625 0.25462962890625 0.541145833984375 0.241666666015625 0.528645833984375 0.215740740234375 0.51875 0.187037037109375 0.5140625 0.162037037109375 0.5140625 0.133333333984375 0.520833333984375 0.1055555546875 0.5421875 0.10092592578125 0.55 0.10092592578125 0.558333333984375 0.113888888671875 0.5796875 0.141666666015625 0.593229166015625 0.168518517578125 0.599479166015625 0.209259259765625 0.597395833984375
0 0.257407408203125 0.6796875 0.27592592578125 0.668229166015625 0.289814814453125 0.647395833984375 0.283333333984375 0.628125 0.2694444453125 0.615104166015625 0.2481481484375 0.605729166015625 0.22777777734375 0.600520833984375 0.187037037109375 0.600520833984375 0.162037037109375 0.603645833984375 0.142592591796875 0.61875 0.131481482421875 0.6390625 0.12962962890625 0.654166666015625 0.135185185546875 0.666666666015625 0.161111111328125 0.6828125 0.19537037109375 0.690104166015625 0.228703703125 0.688020833984375 0.257407408203125 0.6796875
0 0.240740740234375 0.516666666015625 0.239814814453125 0.5078125 0.210185185546875 0.455729166015625 0.2055555546875 0.452604166015625 0.189814814453125 0.455729166015625 0.17407407421875 0.464583333984375 0.162962962890625 0.480729166015625 0.163888888671875 0.49375 0.1694444453125 0.5046875 0.17592592578125 0.509895833984375 0.221296296875 0.51875 0.2305555546875 0.519270833984375 0.240740740234375 0.516666666015625
0 0.262037037109375 0.55625 0.243518517578125 0.577604166015625 0.2305555546875 0.595833333984375 0.2731481484375 0.614583333984375 0.292592591796875 0.613541666015625 0.293518517578125 0.607291666015625 0.283333333984375 0.5875 0.262037037109375 0.55625
1 0.30092592578125 0.434375 0.425 0.421354166015625 0.488888888671875 0.4109375 0.485185185546875 0.393229166015625 0.471296296875 0.367708333984375 0.457407408203125 0.348958333984375 0.453703703125 0.338541666015625 0.44722222265625 0.336458333984375 0.232407408203125 0.342708333984375 0.20277777734375 0.344270833984375 0.1981481484375 0.346354166015625 0.19722222265625 0.352604166015625 0.2055555546875 0.3765625 0.237037037109375 0.435416666015625 0.2444444453125 0.440625 0.268518517578125 0.440104166015625 0.30092592578125 0.434375
1 0.459259259765625 0.60625 0.47962962890625 0.6125 0.49537037109375 0.613020833984375 0.518518517578125 0.619270833984375 0.560185185546875 0.624479166015625 0.615740740234375 0.6359375 0.62962962890625 0.636458333984375 0.637037037109375 0.634375 0.65092592578125 0.6234375 0.65092592578125 0.6171875 0.62037037109375 0.5984375 0.5805555546875 0.5765625 0.560185185546875 0.569791666015625 0.341666666015625 0.516666666015625 0.333333333984375 0.518229166015625 0.316666666015625 0.532291666015625 0.318518517578125 0.542708333984375 0.333333333984375 0.552083333984375 0.343518517578125 0.566145833984375 0.35277777734375 0.56875 0.387037037109375 0.592708333984375 0.459259259765625 0.60625