1 0.84919621484375 0.19352362890625 0.811919658203125 0.168283900390625 0.780907490234375 0.15098619140625 0.69011094140625 0.14884749609375 0.623555837890625 0.149833498046875 0.623046875 0.150021685546875 0.623046875 0.190933962890625 0.626779814453125 0.19895328125 0.628178673828125 0.19921875 0.842123810546875 0.19921875 0.84348507421875 0.19914063671875 0.850021568359375 0.19718773046875 0.84919621484375 0.19352362890625
1 0.359837486328125 0.157693162109375 0.31818255078125 0.15727457421875 0.31174173828125 0.15564699609375 0.292225083984375 0.15857658203125 0.244200484375 0.190913927734375 0.220703125 0.21010616796875 0.220703125 0.212890625 0.307825927734375 0.212890625 0.431722103515625 0.2084268671875 0.438305337890625 0.204325408203125 0.448610716796875 0.162231900390625 0.447905154296875 0.153368634765625 0.381218416015625 0.154261359375 0.359837486328125 0.157693162109375
2 0.774724615234375 0.452734615234375 0.851678408203125 0.45016192578125 0.879331875 0.455090927734375 0.88777685546875 0.451154857421875 0.88792006640625 0.4459483515625 0.832589763671875 0.4032638984375 0.82359153125 0.3936375859375 0.814407125 0.390779736328125 0.80902537109375 0.38437916796875 0.732128861328125 0.384869255859375 0.679383912109375 0.382897396484375 0.625 0.384509904296875 0.625 0.39179859375 0.65062771484375 0.418058498046875 0.686749533203125 0.45187788671875 0.705136306640625 0.46484375 0.71355777734375 0.46484375 0.75792058203125 0.45748284765625 0.774724615234375 0.452734615234375
2 0.6386413125 0.46584101953125 0.676131966796875 0.451891443359375 0.68052420703125 0.445407712890625 0.6783801640625 0.437702837890625 0.667927302734375 0.43095421484375 0.60150223046875 0.415150396484375 0.517475482421875 0.39974718359375 0.485895419921875 0.398274078125 0.47372867578125 0.395263212890625 0.413162306640625 0.41198462890625 0.39311690625 0.421372646484375 0.392578125 0.4221009375 0.392578125 0.43517578515625 0.39750275390625 0.4393829921875 0.424925208984375 0.45358126171875 0.516387876953125 0.47265625 0.567976013671875 0.47265625 0.6025125859375 0.46669069140625 0.6386413125 0.46584101953125
2 0.393089251953125 0.40072028125 0.39271591796875 0.394478849609375 0.38334849609375 0.39288296484375 0.31679903515625 0.39637202734375 0.23123473046875 0.3919882421875 0.204523421875 0.394953919921875 0.204159123046875 0.40436452734375 0.21010935546875 0.410835330078125 0.21251794921875 0.420100560546875 0.201310962890625 0.434253638671875 0.191454794921875 0.43998788671875 0.186375671875 0.448080435546875 0.171875 0.45834665625 0.171875 0.463503373046875 0.277803931640625 0.474609375 0.33981285546875 0.474609375 0.387984041015625 0.47038077734375 0.3912767890625 0.463425384765625 0.383179896484375 0.4210663359375 0.393089251953125 0.40072028125
2 0.56598564453125 0.664259650390625 0.588061892578125 0.667012591796875 0.65417340234375 0.6709481640625 0.779296154296875 0.671875 0.7855371484375 0.671875 0.7864687578125 0.67139369140625 0.787633982421875 0.656334123046875 0.77330679296875 0.625448515625 0.763032091796875 0.6142054296875 0.668771064453125 0.60546875 0.538923712890625 0.60546875 0.508830955078125 0.622746634765625 0.50390625 0.64086168359375 0.50390625 0.653314939453125 0.5063397890625 0.654942953125 0.5405380703125 0.6570666171875 0.56598564453125 0.664259650390625
0 0.807578126953125 0.579034421875 0.816949267578125 0.56379308203125 0.815197724609375 0.550278849609375 0.796829669921875 0.530240697265625 0.78298321875 0.52471729296875 0.754333525390625 0.5178508671875 0.7330526640625 0.516083033203125 0.716378279296875 0.51737161328125 0.696914544921875 0.520263845703125 0.664391396484375 0.53636895703125 0.65234375 0.552067529296875 0.65234375 0.57444853515625 0.654823494140625 0.578172796875 0.69263213671875 0.598443716796875 0.698766583984375 0.599609375 0.76168500390625 0.599609375 0.775051119140625 0.595660365234375 0.807578126953125 0.579034421875
0 0.6379952734375 0.568668337890625 0.6455029921875 0.55507180078125 0.64377073828125 0.5389396875 0.63183401171875 0.525487181640625 0.617080921875 0.51726358984375 0.593963638671875 0.513268388671875 0.565248359375 0.515043509765625 0.53091965625 0.52467228125 0.52348138671875 0.528893818359375 0.51953125 0.53526535546875 0.51953125 0.563277 0.535182775390625 0.57411715625 0.543438947265625 0.58447209375 0.5516611796875 0.587890625 0.607033236328125 0.587890625 0.62401379296875 0.58127121875 0.6379952734375 0.568668337890625
0 0.499422189453125 0.63592458203125 0.52531099609375 0.62037024609375 0.54100666015625 0.60238989453125 0.542412912109375 0.589818447265625 0.542473458984375 0.58573155078125 0.532591322265625 0.571810845703125 0.508472068359375 0.556087619140625 0.4769734921875 0.551429505859375 0.430681904296875 0.55588276953125 0.414028587890625 0.561901935546875 0.389991830078125 0.577423955078125 0.38671875 0.58750127734375 0.38671875 0.59867619921875 0.389156548828125 0.61180987890625 0.412356654296875 0.630153029296875 0.427192291015625 0.637185033203125 0.434752431640625 0.638671875 0.485342724609375 0.638671875 0.499422189453125 0.63592458203125
0 0.3291801171875 0.5656351171875 0.335810203125 0.569101453125 0.355414033203125 0.57273200390625 0.370546484375 0.58013440625 0.385088955078125 0.591123029296875 0.386104609375 0.591130552734375 0.39345421875 0.574291404296875 0.4178156171875 0.55902576953125 0.432419287109375 0.5539325546875 0.470217115234375 0.549764798828125 0.47567971875 0.547529435546875 0.4723535390625 0.534589546875 0.462661662109375 0.5244311328125 0.4419123828125 0.515619537109375 0.4199006953125 0.513671875 0.407738630859375 0.513671875 0.367836486328125 0.51609437109375 0.34420191796875 0.526648689453125 0.330875892578125 0.540046853515625 0.328125 0.546598560546875 0.328125 0.559093798828125 0.3291801171875 0.5656351171875
0 0.346415580078125 0.64239821484375 0.36966805078125 0.62980803515625 0.38590985546875 0.60987651171875 0.384674583984375 0.592211314453125 0.36674058203125 0.57466959765625 0.350456880859375 0.567454580078125 0.309234080078125 0.561983478515625 0.27697827734375 0.565283234375 0.24338377734375 0.57598607421875 0.226705994140625 0.589682822265625 0.220703125 0.603119708984375 0.220703125 0.627385919921875 0.22111782421875 0.629231470703125 0.235953830078125 0.642290875 0.2689796015625 0.654296875 0.314069265625 0.654296875 0.31658842578125 0.653881826171875 0.346415580078125 0.64239821484375