0 0.972594818359375 0.522153921875 0.971823681640625 0.5039405703125 0.962858634765625 0.48920203125 0.948475048828125 0.477820791015625 0.93422366015625 0.46956183984375 0.90032437109375 0.456921623046875 0.8423498671875 0.444779412109375 0.8153891171875 0.4427930234375 0.789507720703125 0.4444101328125 0.750872900390625 0.451259041015625 0.735344109375 0.45660834375 0.707282224609375 0.4723932578125 0.690277740234375 0.486667384765625 0.679793177734375 0.50170808984375 0.67415234375 0.517118232421875 0.674175220703125 0.5202066328125 0.676093173828125 0.545655140625 0.689882125 0.564881271484375 0.710058802734375 0.58175169140625 0.753451671875 0.599724419921875 0.772827896484375 0.6015625 0.83835963671875 0.6015625 0.853541162109375 0.59965723046875 0.89658126953125 0.5874086640625 0.92744055859375 0.572026625 0.94365211328125 0.560913955078125 0.9650178203125 0.54019941015625 0.972594818359375 0.522153921875
0 0.20592587109375 0.63697662890625 0.206506244140625 0.61716751953125 0.19507868359375 0.599219693359375 0.162330798828125 0.580239205078125 0.13437545703125 0.570515990234375 0.110241419921875 0.5674696328125 0.070405400390625 0.56689731640625 0.023344896484375 0.576922875 0.00390625 0.58567019921875 0.00390625 0.69063059765625 0.02664575390625 0.6953125 0.116903470703125 0.6953125 0.141095033203125 0.690158837890625 0.176002166015625 0.67366358203125 0.197893771484375 0.6543664453125 0.20592587109375 0.63697662890625
0 0.1280311953125 0.77161598046875 0.129717080078125 0.7688643046875 0.12684718359375 0.767542044921875 0.0889717109375 0.75614023828125 0.072109650390625 0.75391597265625 0.001953125 0.7371749609375 0.001953125 0.75442703125 0.014278068359375 0.765075509765625 0.036215630859375 0.77417477734375 0.05450903515625 0.77734375 0.09736800390625 0.77734375 0.10512237109375 0.77668697265625 0.1280311953125 0.77161598046875
0 0.69559041796875 0.745416884765625 0.71755579296875 0.74093896875 0.71829342578125 0.73778106640625 0.712560970703125 0.7348664921875 0.64100765625 0.715646314453125 0.608999583984375 0.708984375 0.603515625 0.708984375 0.603515625 0.714842701171875 0.61186567578125 0.724045978515625 0.6329468984375 0.73577380859375 0.65091300390625 0.741880162109375 0.677391578125 0.745653572265625 0.685932330078125 0.7457801015625 0.69559041796875 0.745416884765625
0 0.705078125 0.685761291015625 0.705078125 0.70005994140625 0.7201995703125 0.703125 0.7333987890625 0.703125 0.73594763671875 0.701293826171875 0.737526736328125 0.69131709375 0.709500919921875 0.683333353515625 0.705078125 0.685761291015625
0 0.750541640625 0.677693166015625 0.75585033203125 0.66648905859375 0.739300322265625 0.66005982421875 0.728691951171875 0.658203125 0.723338115234375 0.658203125 0.72265625 0.660496884765625 0.72265625 0.66092276171875 0.722731412109375 0.665996208984375 0.7251929375 0.670400298828125 0.739175451171875 0.67760897265625 0.750541640625 0.677693166015625
0 0.643864029296875 0.66478213671875 0.63730004296875 0.666638 0.634765625 0.672930111328125 0.634765625 0.67462106640625 0.65359749609375 0.68359375 0.667113814453125 0.68359375 0.669807794921875 0.679703171875 0.66981605078125 0.678588671875 0.666727703125 0.6718361875 0.643864029296875 0.66478213671875
0 0.767578125 0.70730601171875 0.767578125 0.715866919921875 0.7724755234375 0.716796875 0.775887919921875 0.716796875 0.781895328125 0.713233794921875 0.782269279296875 0.70856716015625 0.77148412890625 0.703887166015625 0.767578125 0.70730601171875
0 0.66796875 0.640509630859375 0.66796875 0.651570689453125 0.669299736328125 0.65234375 0.678828314453125 0.65234375 0.6808142578125 0.6511064765625 0.68009574609375 0.64276403125 0.675532158203125 0.640113416015625 0.66796875 0.640509630859375
2 0.605460275390625 0.59375 0.62404634375 0.578574296875 0.648795572265625 0.54434976171875 0.664439861328125 0.53109573046875 0.67717134375 0.499653689453125 0.69644603515625 0.476448953125 0.709366560546875 0.47052774609375 0.722540119140625 0.45713686328125 0.736990015625 0.449282888671875 0.731407453125 0.445719361328125 0.685909771484375 0.429204015625 0.65251470703125 0.421364505859375 0.6033056015625 0.403862365234375 0.535570263671875 0.385592904296875 0.519779369140625 0.379055265625 0.5040193359375 0.37668429296875 0.4865270546875 0.390486591796875 0.466368873046875 0.4194342109375 0.432294802734375 0.44494175390625 0.397260080078125 0.465775515625 0.3595170234375 0.4960254296875 0.343834150390625 0.504071125 0.340122732421875 0.503084328125 0.33458646875 0.50577080078125 0.328125 0.5111488359375 0.328125 0.519021392578125 0.34215976953125 0.52805689453125 0.366280140625 0.5339502421875 0.429412857421875 0.555934123046875 0.557452978515625 0.589457787109375 0.57728472265625 0.59375 0.605460275390625 0.59375
2 0.27324465625 0.50390625 0.2869195859375 0.491727048828125 0.343854603515625 0.45557597265625 0.35495403125 0.44158276171875 0.46314228125 0.394301037109375 0.469986673828125 0.385889455078125 0.467412701171875 0.375665474609375 0.4615436953125 0.371463875 0.4530853359375 0.37009223046875 0.44437265625 0.365087400390625 0.33384805859375 0.32589765625 0.310066 0.31799298828125 0.295032953125 0.31561217578125 0.284436599609375 0.3102448671875 0.28207350390625 0.30986165625 0.249243796875 0.3103480234375 0.24546078515625 0.31093721484375 0.23124798046875 0.33354794140625 0.209261546875 0.338021634765625 0.197726140625 0.345786529296875 0.143686513671875 0.37020593359375 0.11275402734375 0.379614568359375 0.0750288671875 0.384899880859375 0.05584977734375 0.389657779296875 0.04103471875 0.390391125 0.01171875 0.3987791953125 0.01171875 0.403236958984375 0.04258158984375 0.425763193359375 0.085293984375 0.45190366796875 0.1033886953125 0.45820187109375 0.127534068359375 0.47129680078125 0.247743423828125 0.50390625 0.27324465625 0.50390625
1 0.414100197265625 0.941479412109375 0.415937119140625 0.935705826171875 0.452861224609375 0.890526763671875 0.454428875 0.8833508671875 0.4544480859375 0.882054212890625 0.418536455078125 0.86794750390625 0.335122771484375 0.842943353515625 0.317520060546875 0.8402565625 0.2759465859375 0.878261095703125 0.2611755703125 0.895812033203125 0.259765625 0.901725232421875 0.259765625 0.908803111328125 0.262142841796875 0.911409615234375 0.30384693359375 0.922870318359375 0.37707984765625 0.950210404296875 0.383378994140625 0.951171875 0.397616724609375 0.951171875 0.414100197265625 0.941479412109375
1 0.108166625 0.864009798828125 0.11926166015625 0.8648066953125 0.19275814453125 0.88903760546875 0.20867028125 0.895895052734375 0.225981462890625 0.896023283203125 0.240018859375 0.888128740234375 0.278042404296875 0.84895655859375 0.288613138671875 0.833589150390625 0.288703767578125 0.829944341796875 0.28324041015625 0.8261614296875 0.271271498046875 0.8232587734375 0.241973890625 0.80950505078125 0.16532883203125 0.78515625 0.155540345703125 0.78515625 0.093155359375 0.83446005078125 0.087890625 0.8433147578125 0.087890625 0.85147573046875 0.08804798828125 0.853610373046875 0.093485455078125 0.85843465625 0.108166625 0.864009798828125