1 0.814453125 0.35977002734375 0.814453125 0.351985306640625 0.8136460546875 0.349833177734375 0.756958478515625 0.26963603125 0.746071474609375 0.260035865234375 0.69420060546875 0.26195883984375 0.6857059140625 0.2600052421875 0.675690865234375 0.262868169921875 0.60546875 0.267294853515625 0.60546875 0.305130064453125 0.61215039453125 0.3236472734375 0.615471943359375 0.357849345703125 0.620213640625 0.3671875 0.742596640625 0.3671875 0.807979654296875 0.3617576953125 0.814453125 0.35977002734375
1 0.3795158984375 0.254309220703125 0.349033685546875 0.257220291015625 0.2990607109375 0.258243419921875 0.275258896484375 0.306410134765625 0.27194465234375 0.322071984375 0.260234685546875 0.335213443359375 0.26226727734375 0.342486337890625 0.2543048359375 0.3600514921875 0.254377955078125 0.369922564453125 0.399486751953125 0.370997443359375 0.4027548203125 0.3697269140625 0.4076968984375 0.371058259765625 0.412488080078125 0.37109375 0.43033760546875 0.37109375 0.438881658203125 0.370405779296875 0.445296578125 0.36773655859375 0.448423025390625 0.3072747734375 0.4471541953125 0.256234283203125 0.444338359375 0.254699724609375 0.3795158984375 0.254309220703125
2 0.599198009765625 0.4612564765625 0.624689353515625 0.492495728515625 0.63814329296875 0.502683875 0.646246578125 0.52871292578125 0.665660703125 0.550726416015625 0.680991958984375 0.55078125 0.68427301171875 0.55078125 0.7393689140625 0.541058013671875 0.778406826171875 0.5392216328125 0.81358083984375 0.5408034375 0.82361558203125 0.5445313359375 0.8359375 0.5437880390625 0.8359375 0.543334703125 0.825793291015625 0.537363107421875 0.7669535703125 0.463988474609375 0.766215798828125 0.45977382421875 0.74961232421875 0.45773843359375 0.743066994140625 0.45891102734375 0.723735283203125 0.45566987890625 0.715246298828125 0.458811525390625 0.6819457265625 0.45682041796875 0.67330266796875 0.455078125 0.65771210546875 0.455078125 0.656970296875 0.455327087890625 0.65547021484375 0.455078125 0.59786405859375 0.455078125 0.59765625 0.45535826953125 0.59765625 0.45561276171875 0.599198009765625 0.4612564765625
2 0.398051939453125 0.5139930546875 0.415721693359375 0.524540037109375 0.46954499609375 0.54108367578125 0.5373444765625 0.565608013671875 0.545410158203125 0.565667759765625 0.5854091953125 0.558607681640625 0.597446232421875 0.55869684375 0.615000244140625 0.553618828125 0.640822001953125 0.53974837109375 0.644444689453125 0.528838306640625 0.6369639765625 0.518887603515625 0.468912955078125 0.462890625 0.453231974609375 0.462890625 0.418194685546875 0.48341478125 0.3978821875 0.491076388671875 0.384854408203125 0.49883101953125 0.3848847421875 0.5029260625 0.385011818359375 0.5034803671875 0.398051939453125 0.5139930546875
2 0.38844283984375 0.468584904296875 0.28004108984375 0.458497166015625 0.258965310546875 0.454938529296875 0.24270490234375 0.454206236328125 0.219650794921875 0.4543770078125 0.216863595703125 0.460870904296875 0.219964966796875 0.469882810546875 0.228749828125 0.477063087890625 0.22634253125 0.48530501171875 0.2162640078125 0.49737662890625 0.212618095703125 0.5102598359375 0.19140625 0.528089326171875 0.19140625 0.5354279140625 0.2760058359375 0.556640625 0.3809865390625 0.556640625 0.38191840625 0.555982744140625 0.381389474609375 0.494897083984375 0.388297279296875 0.4784102109375 0.38844283984375 0.468584904296875
2 0.7205774921875 0.674722701171875 0.710697521484375 0.66144971484375 0.694301982421875 0.65816499609375 0.632590302734375 0.65315415625 0.61580087109375 0.654025630859375 0.590455697265625 0.652458814453125 0.5109643046875 0.65363646484375 0.48234428125 0.671521970703125 0.48046875 0.680964935546875 0.48046875 0.702341431640625 0.51155475390625 0.70607866015625 0.5385688125 0.714843509765625 0.565429916015625 0.716796875 0.728590978515625 0.716796875 0.728832642578125 0.705139978515625 0.7205774921875 0.674722701171875
0 0.73303630078125 0.63016208203125 0.750934583984375 0.61938613671875 0.75946144921875 0.60724732421875 0.7594455234375 0.5937518671875 0.699744091796875 0.594194099609375 0.62709541015625 0.59921523046875 0.613395591796875 0.6028831796875 0.61328125 0.603610556640625 0.61328125 0.61774037890625 0.6194131015625 0.6248557265625 0.652862728515625 0.640011677734375 0.658503115234375 0.640625 0.705586923828125 0.640625 0.70583155859375 0.64061375 0.73303630078125 0.63016208203125
0 0.517510412109375 0.626953125 0.5714833203125 0.626953125 0.5739141328125 0.6263191796875 0.59713026953125 0.612865494140625 0.604607677734375 0.600223427734375 0.604973478515625 0.59375 0.604001869140625 0.59375 0.56671239453125 0.594302435546875 0.53098375 0.597064544921875 0.494140625 0.6017149140625 0.494140625 0.61203059375 0.494981552734375 0.6136901640625 0.517510412109375 0.626953125
0 0.467972341796875 0.67949880859375 0.48251222265625 0.67456250390625 0.5100143515625 0.653815845703125 0.516537626953125 0.638864822265625 0.514773328125 0.6248700546875 0.507836578125 0.6174074765625 0.4857688359375 0.6049989296875 0.45202744140625 0.59894166796875 0.43169288671875 0.600007771484375 0.395498740234375 0.61494912890625 0.376990701171875 0.631050240234375 0.376953125 0.631577046875 0.376953125 0.647251990234375 0.383416634765625 0.66097487890625 0.4065331171875 0.675415443359375 0.428196416015625 0.68106243359375 0.441237828125 0.681640625 0.4580231328125 0.681640625 0.467972341796875 0.67949880859375
0 0.372471673828125 0.630859375 0.3745488359375 0.630859375 0.382902068359375 0.621363384765625 0.404729826171875 0.606533908203125 0.442436015625 0.596360248046875 0.4424179375 0.595703125 0.372041314453125 0.595703125 0.332217865234375 0.59760307421875 0.326171875 0.599529044921875 0.326171875 0.608394771484375 0.331750541015625 0.61429190234375 0.352314263671875 0.6208682109375 0.372471673828125 0.630859375
0 0.332542638671875 0.684265822265625 0.357588412109375 0.67225222265625 0.368104193359375 0.664281583984375 0.37645215234375 0.652267767578125 0.373279822265625 0.635228748046875 0.36509068359375 0.6252940546875 0.345783064453125 0.6155324921875 0.32298357421875 0.608601087890625 0.2904307734375 0.607503240234375 0.255912 0.616975310546875 0.237408931640625 0.62962434765625 0.22890025390625 0.639558828125 0.228515625 0.644379998046875 0.228515625 0.64484421484375 0.228670890625 0.66580518359375 0.233358345703125 0.6732325234375 0.24712681640625 0.683340572265625 0.27809826953125 0.69140625 0.310157529296875 0.69140625 0.332542638671875 0.684265822265625