1 0.294921875 0.29296875 0.21435546875 0.14794921875
2 0.4287109375 0.4912109375 0.189453125 0.126953125
1 0.5966796875 0.2421875 0.287109375 0.129150390625
2 0.765625 0.4482421875 0.27294921875 0.111572265625
2 0.2802734375 0.5263671875 0.2109375 0.095703125
0 0.4189453125 0.6416015625 0.146728515625 0.088134765625
0 0.8232421875 0.580078125 0.154052734375 0.08935546875
0 0.697265625 0.6376953125 0.15625 0.099609375
0 0.541015625 0.671875 0.163818359375 0.101318359375
0 0.626953125 0.5859375 0.133056640625 0.054931640625
2 0.748046875 0.4903187109375 0.746454466796875 0.4873603671875 0.728269984375 0.468259958984375 0.71791397265625 0.466372619140625 0.7128158515625 0.460460787109375 0.701777728515625 0.461755427734375 0.682550466796875 0.453175482421875 0.675284521484375 0.44323631640625 0.655695638671875 0.429980294921875 0.64618245703125 0.426989234375 0.61395109765625 0.4302889921875 0.590549859375 0.42774720703125 0.56690848828125 0.434102611328125 0.5337539375 0.43746695703125 0.527452310546875 0.43999733984375 0.51584765234375 0.45754412109375 0.515983404296875 0.475870587890625 0.516336681640625 0.47629657421875 0.51998926953125 0.47551865234375 0.52841948828125 0.488510615234375 0.53063538671875 0.52734375 0.584678939453125 0.52734375 0.6143595546875 0.519586666015625 0.67508932421875 0.512725947265625 0.728232658203125 0.50378412109375 0.747177708984375 0.49671253125 0.748046875 0.495574326171875 0.748046875 0.4903187109375