2 0.4287109375 0.6630859375 0.21875 0.15625
1 0.1171875 0.5107421875 0.234375 0.1201171875
0 0.666015625 0.7314453125 0.1669921875 0.09765625
0 0.767578125 0.5419921875 0.1240234375 0.0791015625
1 0.2373046875 0.341796875 0.28125 0.126953125
0 0.6962890625 0.6279296875 0.1298828125 0.0859375
0 0.8935546875 0.4970703125 0.1767578125 0.0947265625
2 0.62109375 0.396484375 0.1845703125 0.115234375
2 0.5419921875 0.482421875 0.2373046875 0.103515625
0 0.8603515625 0.587890625 0.173828125 0.1005859375
2 0.512037037109375 0.6375 0.535185185546875 0.64375 0.543518517578125 0.6453125 0.556481482421875 0.644270833984375 0.57407407421875 0.613020833984375 0.587962962890625 0.566666666015625 0.610185185546875 0.5328125 0.611111111328125 0.518229166015625 0.60092592578125 0.5171875 0.516666666015625 0.521875 0.4805555546875 0.5203125 0.461111111328125 0.522395833984375 0.45277777734375 0.525520833984375 0.434259259765625 0.5265625 0.4305555546875 0.528645833984375 0.412962962890625 0.5640625 0.412037037109375 0.5984375 0.4194444453125 0.603645833984375 0.4481481484375 0.613020833984375 0.47592592578125 0.627083333984375 0.507407408203125 0.633854166015625 0.512037037109375 0.6375