1 0.3857421875 0.40234375 0.224853515625 0.109130859375
2 0.7333984375 0.6171875 0.200927734375 0.09765625
2 0.515625 0.607421875 0.26611328125 0.093994140625
1 0.7138671875 0.4306640625 0.189697265625 0.115478515625
2 0.3251953125 0.580078125 0.252197265625 0.101318359375
0 0.6982421875 0.7666015625 0.154296875 0.08984375
0 0.314453125 0.6923828125 0.148681640625 0.052978515625
2 0.375 0.76953125 0.261474609375 0.078369140625
0 0.5546875 0.740234375 0.14794921875 0.086181640625
0 0.4560546875 0.7001953125 0.115478515625 0.041259765625
0 0.625 0.7177734375 0.128662109375 0.04296875