1 0.3564453125 0.208984375 0.205078125 0.15185546875
1 0.6640625 0.2177734375 0.22705078125 0.15234375
2 0.4306640625 0.4189453125 0.197265625 0.103759765625
2 0.583984375 0.4091796875 0.1640625 0.115478515625
2 0.751953125 0.412109375 0.19921875 0.105224609375
0 0.416015625 0.5625 0.13720703125 0.081787109375
0 0.5625 0.5712890625 0.14794921875 0.080078125
0 0.2763671875 0.5341796875 0.135009765625 0.05859375
0 0.4375 0.5166015625 0.10107421875 0.017822265625
2 0.169921875 0.449323552734375 0.1854534609375 0.45384699609375 0.231495134765625 0.458984375 0.286720705078125 0.458984375 0.315895734375 0.4584033203125 0.357372748046875 0.397819111328125 0.37881280859375 0.360397265625 0.378899197265625 0.348734853515625 0.37364257421875 0.34765625 0.36505736328125 0.34765625 0.33532451953125 0.349611978515625 0.317769224609375 0.34847748828125 0.21935371875 0.35338042578125 0.215499 0.356894779296875 0.21624786328125 0.36109122265625 0.205630865234375 0.3711460859375 0.2012033046875 0.388193857421875 0.18366980078125 0.408432841796875 0.169921875 0.435812943359375 0.169921875 0.449323552734375
0 0.680459275390625 0.564453125 0.689875208984375 0.562641447265625 0.705720234375 0.5526190078125 0.715089158203125 0.541914759765625 0.716796875 0.529495005859375 0.716796875 0.51736652734375 0.715366474609375 0.5143183671875 0.708906072265625 0.512074498046875 0.5996702578125 0.5072757109375 0.58667619921875 0.51007758984375 0.58404858984375 0.51626391796875 0.58408815625 0.52160539453125 0.58460986328125 0.531379708984375 0.622414982421875 0.547944017578125 0.635786041015625 0.564453125 0.680459275390625 0.564453125