1 0.5830078125 0.2822265625 0.2001953125 0.103515625
1 0.2802734375 0.2724609375 0.2216796875 0.1015625
0 0.22265625 0.609375 0.142578125 0.0830078125
2 0.2177734375 0.4775390625 0.21875 0.1015625
2 0.5302734375 0.482421875 0.1630859375 0.1015625
0 0.3662109375 0.6455078125 0.146484375 0.08984375
2 0.6943359375 0.4853515625 0.197265625 0.08984375
0 0.5126953125 0.6552734375 0.1533203125 0.0869140625
0 0.6103515625 0.6142578125 0.1396484375 0.08203125
0 0.3955078125 0.58984375 0.130859375 0.046875
0 0.560546875 0.58203125 0.0751953125 0.0244140625
2 0.45 0.524479166015625 0.460185185546875 0.51875 0.460185185546875 0.511979166015625 0.446296296875 0.48125 0.446296296875 0.45625 0.4231481484375 0.438541666015625 0.367592591796875 0.440625 0.3194444453125 0.45 0.306481482421875 0.459895833984375 0.303703703125 0.468229166015625 0.278703703125 0.494270833984375 0.278703703125 0.4984375 0.271296296875 0.5015625 0.264814814453125 0.526041666015625 0.27407407421875 0.528645833984375 0.32592592578125 0.5296875 0.335185185546875 0.527083333984375 0.37222222265625 0.5234375 0.45 0.524479166015625