2 0.699480171875 0.3263871796875 0.723657544921875 0.3246883359375 0.753246568359375 0.32580067578125 0.76328150390625 0.32878566015625 0.773616279296875 0.32604488671875 0.775390625 0.32335311328125 0.775390625 0.299952490234375 0.72377720703125 0.23394346484375 0.71632755859375 0.216973873046875 0.691470853515625 0.2139532421875 0.6578015859375 0.21998919140625 0.615480837890625 0.212890625 0.565280462890625 0.212890625 0.559351814453125 0.224632939453125 0.5600835390625 0.246043919921875 0.576505044921875 0.286298908203125 0.582623287109375 0.293309037109375 0.62104787890625 0.32030938671875 0.644219953125 0.3424888828125 0.650337232421875 0.342398255859375 0.65419711328125 0.34189594140625 0.6667628203125 0.331937361328125 0.699480171875 0.3263871796875
2 0.7672538671875 0.346655583984375 0.735738703125 0.354627365234375 0.706992638671875 0.354858033203125 0.672896580078125 0.35855418359375 0.661709345703125 0.35768765234375 0.638671875 0.36215386328125 0.638671875 0.39271141796875 0.642843025390625 0.41209662890625 0.662011369140625 0.45160420703125 0.675826490234375 0.464831255859375 0.685085833984375 0.47938670703125 0.690118947265625 0.48046875 0.718194962890625 0.48046875 0.735654158203125 0.47205193359375 0.77034953515625 0.463099697265625 0.791442546875 0.459172341796875 0.842205767578125 0.454956572265625 0.85078857421875 0.45176016015625 0.850880107421875 0.43940319140625 0.837224484375 0.419781119140625 0.7896966484375 0.35699619140625 0.7793706875 0.346745337890625 0.7672538671875 0.346655583984375
2 0.834002328125 0.63932175390625 0.84459953125 0.640625 0.845144236328125 0.640625 0.849570037109375 0.621862158203125 0.865979935546875 0.596054337890625 0.885287890625 0.582175380859375 0.90944251953125 0.577721103515625 0.909526798828125 0.566343609375 0.888583384765625 0.5414919296875 0.853111228515625 0.513464525390625 0.8325425 0.494031384765625 0.83251110546875 0.490906861328125 0.829738626953125 0.49147609375 0.82320496875 0.486381671875 0.82596175390625 0.48425017578125 0.823372349609375 0.48046875 0.821567810546875 0.48046875 0.801888232421875 0.484670326171875 0.7843954609375 0.4948716875 0.7133467265625 0.520591416015625 0.7109375 0.525237701171875 0.7109375 0.5264095078125 0.714392974609375 0.53255259765625 0.734987869140625 0.554589509765625 0.746297552734375 0.57418424609375 0.75847035546875 0.587513775390625 0.834002328125 0.63932175390625
0 0 0.4939670859375 0.034337314453125 0.50390625 0.082135611328125 0.50390625 0.112843146484375 0.497023857421875 0.133583095703125 0.4761820859375 0.138671875 0.46396891015625 0.138671875 0.460028400390625 0.1358709765625 0.45123516015625 0.117664330078125 0.43307146484375 0.090145296875 0.41780171875 0.067990087890625 0.413604498046875 0.031911748046875 0.411144763671875 0.00402912109375 0.416702484375 0.000298712890625 0.418172474609375 0 0.435283521484375 0 0.4939670859375
0 0.1027685625 0.4193198203125 0.134645201171875 0.44191969140625 0.149032244140625 0.443359375 0.201171875 0.443359375 0.201171875 0.43682015625 0.181151224609375 0.4008212265625 0.153594458984375 0.360466919921875 0.14709578515625 0.359490390625 0.132328677734375 0.362243330078125 0.11576453515625 0.36813980078125 0.104773283203125 0.375022099609375 0.0957790390625 0.390218939453125 0.09499869140625 0.398561380859375 0.1027685625 0.4193198203125
0 0.101170095703125 0.551428677734375 0.1123885390625 0.573913251953125 0.138998240234375 0.590020615234375 0.16526664453125 0.598781236328125 0.1842666796875 0.599609375 0.2106871796875 0.599609375 0.22873701953125 0.595918681640625 0.235738173828125 0.589790708984375 0.242365376953125 0.588329376953125 0.259765625 0.566094658203125 0.259765625 0.560776724609375 0.255759298828125 0.548848052734375 0.243834501953125 0.535178234375 0.218779951171875 0.5228755390625 0.190540896484375 0.5154953984375 0.1773513984375 0.514244578125 0.158572984375 0.514105478515625 0.1364667265625 0.51715921875 0.10707315625 0.535792369140625 0.10183490234375 0.543132435546875 0.101170095703125 0.551428677734375
0 0.274362259765625 0.672690189453125 0.287109375 0.656097017578125 0.287109375 0.642942140625 0.2845491484375 0.633124970703125 0.27160237890625 0.61926291796875 0.251011927734375 0.60857772265625 0.2310544921875 0.602108943359375 0.1910737890625 0.599609375 0.189746701171875 0.599609375 0.165255904296875 0.601127888671875 0.1448052109375 0.61499037109375 0.132304240234375 0.63457091796875 0.129403283203125 0.6495306015625 0.1340733515625 0.66235309375 0.158809845703125 0.6800848671875 0.191182357421875 0.689137166015625 0.228738091796875 0.6888589765625 0.25508955859375 0.6829715859375 0.274362259765625 0.672690189453125
0 0.237153603515625 0.517578125 0.23828125 0.517267478515625 0.23828125 0.50203993359375 0.210133501953125 0.455671044921875 0.2054049453125 0.4526273203125 0.189771501953125 0.45602655859375 0.174322908203125 0.465154091796875 0.1637373046875 0.48149137890625 0.165082966796875 0.4944940703125 0.170989140625 0.505332947265625 0.17763600390625 0.51042737109375 0.218120078125 0.517578125 0.237153603515625 0.517578125
0 0.26298528125 0.55504851953125 0.244252662109375 0.576216154296875 0.231106865234375 0.594314673828125 0.26872527734375 0.611328125 0.29296875 0.611328125 0.29296875 0.604444001953125 0.283967146484375 0.586511744140625 0.26298528125 0.55504851953125
1 0.48828125 0.396741029296875 0.48828125 0.388880369140625 0.485438296875 0.378884490234375 0.469802998046875 0.35462630078125 0.4546400078125 0.337115451171875 0.45326493359375 0.333984375 0.369382189453125 0.333984375 0.2297521171875 0.3499075546875 0.200303658203125 0.353969380859375 0.197265625 0.35564526171875 0.197265625 0.367205462890625 0.205327220703125 0.385914193359375 0.238892611328125 0.4388364296875 0.2948882890625 0.43800686328125 0.3044980703125 0.435463966796875 0.427361619140625 0.4119996796875 0.48828125 0.396741029296875
1 0.4918999453125 0.6108183984375 0.51435421875 0.618728548828125 0.5553430625 0.626940341796875 0.569886380859375 0.63108450390625 0.64601666015625 0.6299566484375 0.6463692421875 0.626236390625 0.617722216796875 0.605321390625 0.58015256640625 0.58061890234375 0.56051294140625 0.572390330078125 0.385193916015625 0.515625 0.324041076171875 0.515625 0.322265625 0.516895078125 0.322265625 0.525224779296875 0.322482232421875 0.527879072265625 0.336344841796875 0.53830305859375 0.345155294921875 0.55306758203125 0.354127158203125 0.556335544921875 0.385969033203125 0.582713923828125 0.456589642578125 0.601450240234375 0.4762785 0.609159287109375 0.4918999453125 0.6108183984375