1 0.3779296875 0.27734375 0.16796875 0.0771484375
0 0.4306640625 0.6123046875 0.1318359375 0.080078125
2 0.2890625 0.46484375 0.154296875 0.0908203125
0 0.431640625 0.556640625 0.1181640625 0.05078125
2 0.7060546875 0.4501953125 0.1787109375 0.07421875
0 0.5654296875 0.6103515625 0.1337890625 0.0751953125
1 0.6025390625 0.2763671875 0.2197265625 0.076171875
2 0.5546875 0.4580078125 0.158203125 0.08203125
0 0.291015625 0.591796875 0.1259765625 0.0732421875
0 0.5927734375 0.546875 0.1064453125 0.0419921875
2 0.50277777734375 0.492708333984375 0.5194444453125 0.489583333984375 0.521296296875 0.4875 0.517592591796875 0.474479166015625 0.49907407421875 0.4578125 0.484259259765625 0.4375 0.464814814453125 0.4234375 0.410185185546875 0.430729166015625 0.3694444453125 0.441666666015625 0.356481482421875 0.473958333984375 0.3555555546875 0.484375 0.362037037109375 0.499479166015625 0.3731481484375 0.503125 0.408333333984375 0.503125 0.4481481484375 0.49375 0.50277777734375 0.492708333984375
0 0.633333333984375 0.607291666015625 0.638888888671875 0.608854166015625 0.6518518515625 0.6078125 0.671296296875 0.6015625 0.687037037109375 0.591666666015625 0.6944444453125 0.575520833984375 0.692592591796875 0.558854166015625 0.685185185546875 0.55 0.656481482421875 0.538020833984375 0.64722222265625 0.536979166015625 0.6268518515625 0.542708333984375 0.612962962890625 0.5390625 0.592592591796875 0.5421875 0.582407408203125 0.548958333984375 0.57222222265625 0.563541666015625 0.571296296875 0.5671875 0.5768518515625 0.574479166015625 0.609259259765625 0.5828125 0.618518517578125 0.5875 0.62962962890625 0.597916666015625 0.633333333984375 0.607291666015625