2 0.119140625 0.44921875 0.2314453125 0.1396484375
2 0.3251953125 0.4404296875 0.23828125 0.1201171875
0 0.185546875 0.609375 0.1630859375 0.095703125
2 0.634765625 0.37890625 0.2421875 0.1044921875
1 0.158203125 0.18359375 0.31640625 0.1083984375
0 0.353515625 0.623046875 0.1689453125 0.1025390625
1 0.4599609375 0.158203125 0.38671875 0.095703125
0 0.6484375 0.5615234375 0.1640625 0.0869140625
0 0.515625 0.5341796875 0.134765625 0.0615234375
0 0.3359375 0.5537109375 0.1533203125 0.06640625
0 0.513671875 0.599609375 0.1630859375 0.0908203125
2 0.439814814453125 0.4578125 0.464814814453125 0.456770833984375 0.49722222265625 0.4515625 0.535185185546875 0.438020833984375 0.546296296875 0.436458333984375 0.559259259765625 0.428125 0.561111111328125 0.418229166015625 0.5518518515625 0.40625 0.542592591796875 0.402083333984375 0.538888888671875 0.395833333984375 0.517592591796875 0.380208333984375 0.5018518515625 0.363541666015625 0.49537037109375 0.3421875 0.456481482421875 0.343229166015625 0.435185185546875 0.347916666015625 0.389814814453125 0.3625 0.365740740234375 0.359375 0.357407408203125 0.361458333984375 0.32407407421875 0.3625 0.32037037109375 0.365625 0.3194444453125 0.369270833984375 0.32407407421875 0.372916666015625 0.336111111328125 0.376041666015625 0.437962962890625 0.440972396484375 0.436111111328125 0.45625 0.439814814453125 0.4578125