1 0.3583984375 0.1640625 0.189697265625 0.090087890625
1 0.7138671875 0.158203125 0.197021484375 0.0859375
0 0.7138671875 0.486328125 0.14453125 0.0703125
2 0.7333984375 0.375 0.228515625 0.082275390625
2 0.3173828125 0.380859375 0.189453125 0.086181640625
2 0.6279296875 0.5556640625 0.240234375 0.056884765625
2 0.5322265625 0.384765625 0.256103515625 0.081787109375
0 0.3388671875 0.5283203125 0.142333984375 0.079833984375
0 0.474609375 0.5185546875 0.1328125 0.076416015625
0 0.578125 0.478515625 0.11328125 0.05859375
0 0.419921875 0.4794921875 0.128662109375 0.056640625