2 0.4345703125 0.482421875 0.236572265625 0.117431640625
2 0.6787109375 0.5771484375 0.205322265625 0.146484375
0 0.416015625 0.6875 0.15234375 0.090087890625
1 0.775390625 0.3876953125 0.284912109375 0.140625
1 0.537109375 0.3017578125 0.33935546875 0.1171875
0 0.560546875 0.6943359375 0.144287109375 0.083740234375
0 0.2861328125 0.64453125 0.15625 0.089599609375
0 0.1767578125 0.587890625 0.1640625 0.086181640625
0 0.306640625 0.58203125 0.124755859375 0.066162109375
0 0.447265625 0.626953125 0.129150390625 0.0625
2 0.551774380859375 0.607421875 0.568505630859375 0.607421875 0.573773857421875 0.605065794921875 0.5844617890625 0.5907676328125 0.595820607421875 0.58378404296875 0.6316040234375 0.54047074609375 0.632876015625 0.5298553515625 0.632876015625 0.529534072265625 0.60498830859375 0.50690595703125 0.587588201171875 0.501215712890625 0.56124348046875 0.48641980859375 0.552951578125 0.48514937109375 0.506319947265625 0.49428939453125 0.473350625 0.510059123046875 0.41719272265625 0.52675430859375 0.416015625 0.528600021484375 0.416015625 0.53561001953125 0.436878142578125 0.5465785 0.477955943359375 0.56386436328125 0.50415525 0.58282547265625 0.5114854375 0.585111751953125 0.536850263671875 0.601444150390625 0.551774380859375 0.607421875
2 0.29711919140625 0.48828125 0.315829357421875 0.48828125 0.31630501171875 0.48817131640625 0.3204801796875 0.482714462890625 0.327949947265625 0.482192048828125 0.356644013671875 0.4721797421875 0.36736623828125 0.466135884765625 0.38806408203125 0.451905322265625 0.389559169921875 0.4452155703125 0.39861208203125 0.43696427734375 0.396240201171875 0.432094427734375 0.345760798828125 0.3924982890625 0.319180109375 0.377571494140625 0.31179840234375 0.377054779296875 0.30129632421875 0.380500814453125 0.291847154296875 0.393428189453125 0.255859435546875 0.40188465234375 0.232791595703125 0.40026991796875 0.206647416015625 0.40209837109375 0.174352443359375 0.399837744140625 0.173828125 0.4002595546875 0.173828125 0.407945556640625 0.185861513671875 0.417368060546875 0.193285359375 0.42834065625 0.21564684765625 0.44924387109375 0.242139478515625 0.465209794921875 0.281373982421875 0.484158228515625 0.29711919140625 0.48828125