2 0.33203125 0.48046875 0.297119140625 0.11328125
0 0.45703125 0.2587890625 0.21875 0.138916015625
2 0.4794921875 0.5302734375 0.212890625 0.119384765625
1 0.2255859375 0.287109375 0.291259765625 0.086181640625
2 0.4970703125 0.7431640625 0.279052734375 0.122802734375
2 0.7880859375 0.572265625 0.1171875 0.109130859375
0 0.30078125 0.6220703125 0.144287109375 0.078125
0 0.4267578125 0.6552734375 0.1484375 0.075927734375
2 0.59375 0.556640625 0.124755859375 0.116943359375
1 0.6533203125 0.326171875 0.474609375 0.129150390625
0 0.75390625 0.6953125 0.0859375 0.07861328125