2 0.3525390625 0.6748046875 0.189697265625 0.083984375
2 0.5166015625 0.6748046875 0.177734375 0.083740234375
0 0.375 0.8505859375 0.152099609375 0.09375
0 0.5693359375 0.8466796875 0.154296875 0.092041015625
0 0.724609375 0.85546875 0.16015625 0.093994140625
0 0.45703125 0.798828125 0.125244140625 0.074462890625
1 0.37109375 0.4833984375 0.206787109375 0.048828125
2 0.7431640625 0.486328125 0.201171875 0.05029296875
1 0.5361328125 0.4833984375 0.166259765625 0.049072265625
0 0.654296875 0.794921875 0.140625 0.070556640625
2 0.7353515625 0.69140625 0.15234375 0.066162109375