2 0.5048828125 0.447265625 0.3828125 0.208984375
2 0.7861328125 0.38671875 0.4267578125 0.1875
1 0.806640625 0.8115234375 0.19921875 0.11328125
1 0.640625 0.8564453125 0.1953125 0.1103515625
0 0.9013671875 0.6103515625 0.1904296875 0.125
0 0.2255859375 0.48828125 0.2802734375 0.15234375
0 0.9306640625 0.728515625 0.138671875 0.0546875
0 0.3603515625 0.68359375 0.1396484375 0.052734375
0 0.8544921875 0.5458984375 0.1787109375 0.064453125
0 0.6708984375 0.5908203125 0.1083984375 0.0341796875
0 0.37890625 0.6298828125 0.033203125 0.015625
0 0.3173828125 0.646484375 0.0322265625 0.0166015625