1 0.478515625 0.6953125 0.230712890625 0.163818359375
1 0.2666015625 0.7373046875 0.19140625 0.174072265625
0 0.1982421875 0.5029296875 0.173828125 0.09765625
0 0.349609375 0.5224609375 0.176025390625 0.107421875
0 0.529296875 0.52734375 0.199462890625 0.10546875
0 0.0888671875 0.5908203125 0.170166015625 0.12109375
2 0.2392578125 0.3115234375 0.294921875 0.072265625
2 0.4775390625 0.2822265625 0.271240234375 0.064697265625
0 0.48828125 0.4619140625 0.140380859375 0.0703125
2 0.0439453125 0.337890625 0.087890625 0.066162109375
0 0.056640625 0.5185546875 0.113037109375 0.052978515625