1 0.1279296875 0.4775390625 0.255859375 0.125
2 0.396484375 0.64453125 0.222900390625 0.16015625
0 0.6689453125 0.630859375 0.134765625 0.0859375
0 0.7646484375 0.5517578125 0.127197265625 0.079833984375
1 0.27734375 0.330078125 0.31201171875 0.11376953125
0 0.619140625 0.7294921875 0.1640625 0.09765625
0 0.8984375 0.513671875 0.17919921875 0.093994140625
2 0.646484375 0.400390625 0.191162109375 0.113037109375
2 0.5478515625 0.4775390625 0.251953125 0.111328125
2 0.529407201171875 0.638671875 0.553349529296875 0.6128270078125 0.5730847109375 0.579243375 0.601931447265625 0.54838389453125 0.60815848046875 0.53786057421875 0.61328125 0.534976787109375 0.61328125 0.5230371484375 0.505753119140625 0.51171875 0.43349586328125 0.51171875 0.403319037109375 0.548070458984375 0.39777091796875 0.57742728515625 0.413820904296875 0.587942056640625 0.433729904296875 0.596117359375 0.4657649140625 0.618186033203125 0.483128845703125 0.6225306171875 0.503897025390625 0.631809640625 0.506279677734375 0.63823818359375 0.50991978515625 0.638671875 0.529407201171875 0.638671875
0 0.681948158203125 0.709783521484375 0.70671998828125 0.723699787109375 0.722650109375 0.727432173828125 0.735458939453125 0.728515625 0.7867664296875 0.728515625 0.805915478515625 0.72566144140625 0.832141662109375 0.712948142578125 0.841796875 0.702255888671875 0.841796875 0.672250017578125 0.838006234375 0.663257185546875 0.81780704296875 0.6481723203125 0.7857138125 0.636021689453125 0.76795981640625 0.63286087109375 0.735563017578125 0.633231310546875 0.70252610546875 0.639354373046875 0.68174566796875 0.6498323125 0.66602974609375 0.669034013671875 0.667194712890625 0.692463294921875 0.681948158203125 0.709783521484375
0 0.8270365546875 0.551440380859375 0.797345197265625 0.5599931953125 0.772237173828125 0.5747617109375 0.7578125 0.588964291015625 0.7578125 0.611774455078125 0.766315103515625 0.62428203125 0.805994890625 0.6422162734375 0.824021240234375 0.646484375 0.8632923671875 0.646484375 0.87077883984375 0.645902830078125 0.89675877734375 0.638419119140625 0.916342111328125 0.619525087890625 0.931291130859375 0.598367955078125 0.931320861328125 0.59435446875 0.925902296875 0.5788315 0.911183931640625 0.565920404296875 0.882561248046875 0.55519552734375 0.856666185546875 0.55122090234375 0.8270365546875 0.551440380859375