1 0.302734375 0.4052734375 0.2373046875 0.1376953125
0 0.5830078125 0.5869140625 0.171875 0.095703125
0 0.3466796875 0.6171875 0.1884765625 0.1005859375
0 0.75390625 0.6025390625 0.18359375 0.099609375
1 0.75390625 0.3876953125 0.349609375 0.1650390625
0 0.458984375 0.5390625 0.13671875 0.07421875
2 0.845703125 0.1337890625 0.3037109375 0.08203125
2 0.5322265625 0.126953125 0.28515625 0.0712890625
2 0.2373046875 0.111328125 0.2841796875 0.0791015625
0 0.2890625 0.541015625 0.177734375 0.0869140625
0 0.6513671875 0.544921875 0.1591796875 0.0712890625