0 0.541015625 0.14453125 0.2509765625 0.171875
0 0.7119140625 0.587890625 0.1640625 0.0908203125
2 0.515625 0.4697265625 0.2431640625 0.1142578125
2 0.6826171875 0.42578125 0.3203125 0.109375
2 0.4833984375 0.7158203125 0.3251953125 0.125
0 0.5693359375 0.6162109375 0.166015625 0.0986328125
2 0.2431640625 0.482421875 0.294921875 0.10546875
0 0.1943359375 0.65625 0.0869140625 0.1005859375
0 0.388671875 0.625 0.1533203125 0.0498046875
0 0.3310546875 0.6513671875 0.0439453125 0.0849609375
1 0.796875 0.1904296875 0.3505859375 0.0419921875