1 0.6328125 0.9013671875 0.198974609375 0.146484375
1 0.3544921875 0.9013671875 0.174072265625 0.142578125
2 0.8486328125 0.4677734375 0.295166015625 0.119140625
2 0.240234375 0.4609375 0.312744140625 0.136962890625
0 0.271484375 0.73828125 0.25390625 0.14013671875
2 0.5634765625 0.466796875 0.294677734375 0.125244140625
0 0.474609375 0.6826171875 0.20751953125 0.126708984375
0 0.83203125 0.73046875 0.238037109375 0.1328125
0 0.2548828125 0.6298828125 0.181884765625 0.099853515625
0 0.81640625 0.634765625 0.20361328125 0.09033203125
0 0.6064453125 0.6259765625 0.201416015625 0.095947265625