1 0.701171875 0.7548828125 0.2548828125 0.16015625
1 0.498046875 0.802734375 0.205078125 0.1787109375
2 0.1630859375 0.46875 0.2177734375 0.0986328125
2 0.384765625 0.4267578125 0.232421875 0.099609375
0 0.53125 0.5556640625 0.1572265625 0.0888671875
0 0.455078125 0.6162109375 0.1708984375 0.1015625
2 0.6162109375 0.3828125 0.26171875 0.0869140625
0 0.7294921875 0.58203125 0.1904296875 0.103515625
0 0.3251953125 0.677734375 0.2021484375 0.109375
1 0.9501953125 0.044921875 0.091796875 0.08984375
0 0.2666015625 0.62109375 0.1484375 0.076171875
0 0.697265625 0.5283203125 0.16796875 0.0732421875