1 0.2939453125 0.5673828125 0.25 0.15234375
2 0.55078125 0.408203125 0.259765625 0.111328125
2 0.3203125 0.373046875 0.259765625 0.09765625
0 0.251953125 0.7392578125 0.166015625 0.0927734375
2 0.802734375 0.447265625 0.248046875 0.0908203125
1 0.6552734375 0.6064453125 0.3349609375 0.119140625
0 0.6083984375 0.76953125 0.158203125 0.091796875
0 0.46875 0.732421875 0.15234375 0.087890625
0 0.2412109375 0.66796875 0.1513671875 0.0546875
0 0.3837890625 0.6884765625 0.1103515625 0.04296875
0 0.5615234375 0.716796875 0.0966796875 0.041015625