1 0.25 0.3232421875 0.1708984375 0.0810546875
2 0.2734375 0.529296875 0.1513671875 0.11328125
2 0.4404296875 0.517578125 0.181640625 0.099609375
0 0.51171875 0.673828125 0.150390625 0.0888671875
2 0.7177734375 0.458984375 0.2001953125 0.0908203125
0 0.361328125 0.6708984375 0.140625 0.08203125
0 0.4931640625 0.6103515625 0.1298828125 0.0634765625
1 0.501953125 0.2841796875 0.2333984375 0.0712890625
0 0.654296875 0.6533203125 0.154296875 0.0849609375
0 0.662109375 0.57421875 0.1142578125 0.06640625
2 0.514814814453125 0.521875 0.514814814453125 0.525520833984375 0.52222222265625 0.5296875 0.538888888671875 0.530729166015625 0.571296296875 0.526041666015625 0.637962962890625 0.500520833984375 0.638888888671875 0.494270833984375 0.6231481484375 0.477604166015625 0.613888888671875 0.458854166015625 0.612037037109375 0.444270833984375 0.615740740234375 0.4390625 0.612037037109375 0.434895833984375 0.5768518515625 0.434375 0.511111111328125 0.452083333984375 0.47592592578125 0.455208333984375 0.466666666015625 0.4578125 0.466666666015625 0.4703125 0.4768518515625 0.4734375 0.493518517578125 0.4921875 0.507407408203125 0.502604166015625 0.521296296875 0.51875 0.514814814453125 0.521875