2 0.861328125 0.58984375 0.185546875 0.1640625
2 0.82421875 0.4345703125 0.193359375 0.1318359375
1 0.431640625 0.37890625 0.2685546875 0.09765625
2 0.779296875 0.287109375 0.2001953125 0.134765625
1 0.525390625 0.576171875 0.3134765625 0.1357421875
0 0.1240234375 0.431640625 0.166015625 0.0947265625
0 0.2353515625 0.62109375 0.1572265625 0.0908203125
0 0.2265625 0.53515625 0.16015625 0.087890625
0 0.22265625 0.3828125 0.1005859375 0.087890625
0 0.263671875 0.462890625 0.07421875 0.0693359375
0 0.3017578125 0.568359375 0.0556640625 0.060546875