2 0.3466796875 0.322265625 0.21875 0.125244140625
2 0.1328125 0.3134765625 0.261474609375 0.115478515625
1 0.6220703125 0.0537109375 0.271484375 0.10546875
2 0.724609375 0.3369140625 0.230224609375 0.13671875
1 0.24609375 0.05078125 0.3671875 0.1015625
0 0.693359375 0.4970703125 0.16064453125 0.091796875
0 0.546875 0.537109375 0.17138671875 0.101318359375
0 0.2021484375 0.5244140625 0.177490234375 0.099365234375
0 0.3740234375 0.5400390625 0.177978515625 0.091552734375
0 0.5146484375 0.4716796875 0.158447265625 0.06640625
0 0.3271484375 0.474609375 0.150390625 0.07470703125
2 0.404296875 0.37252785546875 0.41207267578125 0.37620785546875 0.4601050625 0.37924785546875 0.568002390625 0.400390625 0.63714944140625 0.400390625 0.638858880859375 0.398011095703125 0.636032798828125 0.38325391015625 0.610873029296875 0.30784623828125 0.59728855859375 0.302438275390625 0.580775638671875 0.29948553125 0.56100108203125 0.28905727734375 0.53696933203125 0.287797337890625 0.483850375 0.275390625 0.478075041015625 0.275390625 0.443295087890625 0.303756197265625 0.4339497421875 0.3204840078125 0.418196529296875 0.3358323671875 0.407957998046875 0.351991599609375 0.404296875 0.35427865625 0.404296875 0.37252785546875