0 0.9169921875 0.3828125 0.166015625 0.105712890625
0 0.7939453125 0.341796875 0.131103515625 0.1015625
1 0.5546875 0.35546875 0.2578125 0.1171875
0 0.873046875 0.60546875 0.17626953125 0.097900390625
2 0.1142578125 0.30859375 0.150390625 0.1484375
2 0.1337890625 0.6474609375 0.16015625 0.181396484375
0 0.85546875 0.509765625 0.171875 0.097412109375
2 0.134765625 0.4716796875 0.140625 0.142333984375
1 0.5283203125 0.5859375 0.287109375 0.168212890625
0 0.7822265625 0.4365234375 0.107421875 0.076416015625
0 0.775390625 0.544921875 0.08251953125 0.08251953125