2 0.2373046875 0.556640625 0.193603515625 0.152099609375
1 0.2177734375 0.34375 0.263671875 0.148681640625
2 0.7177734375 0.4599609375 0.236328125 0.119384765625
1 0.50390625 0.28515625 0.339599609375 0.129150390625
2 0.5400390625 0.4921875 0.228271484375 0.11767578125
0 0.4931640625 0.69140625 0.161865234375 0.09765625
0 0.314453125 0.6943359375 0.152587890625 0.0859375
0 0.6943359375 0.5986328125 0.1484375 0.07421875
0 0.6455078125 0.6650390625 0.161865234375 0.091796875
0 0.4599609375 0.6328125 0.123046875 0.04638671875
2 0.312020548828125 0.51489719921875 0.326715943359375 0.561189701171875 0.32756359765625 0.59089487890625 0.330325169921875 0.597231935546875 0.346532587890625 0.603515625 0.35073521484375 0.603515625 0.390525 0.596050091796875 0.402579814453125 0.59019103515625 0.41184280859375 0.589448546875 0.4183373515625 0.584972095703125 0.4248208984375 0.5846606015625 0.4331688671875 0.579723283203125 0.471166111328125 0.56949453125 0.473951056640625 0.566981060546875 0.48228527734375 0.56724993359375 0.491555142578125 0.563904349609375 0.512863326171875 0.56094713671875 0.53324961328125 0.55639819140625 0.53515625 0.55496198828125 0.53515625 0.54942321875 0.533274359375 0.54702704296875 0.512934822265625 0.533874931640625 0.478714546875 0.516630359375 0.4500847890625 0.48654955078125 0.418627458984375 0.4751214140625 0.413071314453125 0.474942166015625 0.38063021484375 0.485350166015625 0.351912462890625 0.488588998046875 0.3129671953125 0.50711778515625 0.312020548828125 0.51489719921875