0 0.939192279296875 0.555366216796875 0.970935888671875 0.539158369140625 0.999175359375 0.5173604609375 0.999372646484375 0.4907265703125 0.9970845703125 0.4399203203125 0.9790645625 0.431226720703125 0.9320179765625 0.41666427734375 0.862033234375 0.4078135078125 0.845336138671875 0.40789291796875 0.809377544921875 0.41291565234375 0.764566685546875 0.4273951328125 0.723256447265625 0.457799326171875 0.708984375 0.48431614453125 0.708984375 0.51440450390625 0.7270949609375 0.543032703125 0.7595051328125 0.562227681640625 0.78702181640625 0.5703125 0.883605181640625 0.5703125 0.904416162109375 0.56604366796875 0.939192279296875 0.555366216796875
0 0.22265625 0.6107498671875 0.22265625 0.60477512890625 0.21740523046875 0.591841462890625 0.206321810546875 0.58079258984375 0.17950423046875 0.56646065625 0.149900328125 0.55522574609375 0.13231411328125 0.551924080078125 0.117493599609375 0.553337712890625 0.100833412109375 0.550045349609375 0.09712519140625 0.55157060546875 0.06563898828125 0.55177516015625 0.035065064453125 0.55719723046875 0.00261571484375 0.571454658203125 0.002534060546875 0.602385369140625 0.003502052734375 0.667724857421875 0.030115958984375 0.677981271484375 0.078695248046875 0.68359375 0.122750494140625 0.68359375 0.131042984375 0.682640935546875 0.16069638671875 0.675126279296875 0.18665531640625 0.6639286640625 0.2144965390625 0.641291583984375 0.221948732421875 0.624699716796875 0.22265625 0.6107498671875
0 0.1158384921875 0.55314384765625 0.134309376953125 0.551593349609375 0.14271033984375 0.553446814453125 0.177330443359375 0.56343846484375 0.21279777734375 0.580078125 0.217215357421875 0.580078125 0.243503732421875 0.575167736328125 0.263498158203125 0.56419460546875 0.26427810546875 0.56000394140625 0.1081612890625 0.518959119140625 0.091577283203125 0.515625 0.0845301171875 0.515625 0.07845882421875 0.517170580078125 0.078125 0.51951938671875 0.078125 0.540200333984375 0.080511150390625 0.549425462890625 0.085210666015625 0.551380767578125 0.1158384921875 0.55314384765625
0 0.77311296484375 0.627268630859375 0.766653607421875 0.62642621875 0.763786638671875 0.6288893828125 0.763671875 0.6295529921875 0.763671875 0.636260046875 0.779861494140625 0.646365701171875 0.780275955078125 0.646484375 0.7981540078125 0.646484375 0.800401224609375 0.642175748046875 0.79869591796875 0.637921728515625 0.77311296484375 0.627268630859375
0 0.756563595703125 0.654746111328125 0.75050425 0.65483587890625 0.747700298828125 0.655565787109375 0.74609375 0.657648990234375 0.74609375 0.66082032421875 0.75592771484375 0.669077412109375 0.774632697265625 0.673828125 0.782143326171875 0.673828125 0.78631269140625 0.6717974921875 0.78579130078125 0.66654555859375 0.756563595703125 0.654746111328125
0 0.73964216796875 0.727996908203125 0.7693875390625 0.7206233671875 0.7777748828125 0.71710098828125 0.776902970703125 0.7134414375 0.64691840234375 0.672965615234375 0.635065990234375 0.669921875 0.625 0.669921875 0.625 0.68657537109375 0.634480130859375 0.699870623046875 0.65189525390625 0.712110419921875 0.6794955625 0.724501109375 0.699793322265625 0.727471673828125 0.737615759765625 0.728032005859375 0.73964216796875 0.727996908203125
0 0.735770515625 0.623172796875 0.734107728515625 0.61890283984375 0.713478203125 0.615234375 0.7112961640625 0.615234375 0.701171875 0.61882868359375 0.701171875 0.620010744140625 0.702399724609375 0.622741443359375 0.716532240234375 0.630713404296875 0.728637078125 0.630803068359375 0.735770515625 0.623172796875
0 0.6871423125 0.634515669921875 0.67960762109375 0.63602140234375 0.677734375 0.639536162109375 0.677734375 0.640763734375 0.679026318359375 0.644330130859375 0.69330658203125 0.6484375 0.71269371875 0.6484375 0.712460111328125 0.6443051796875 0.69719369140625 0.636859302734375 0.6871423125 0.634515669921875
0 0.4226233359375 0.604585138671875 0.3728331796875 0.596427201171875 0.319945029296875 0.583809900390625 0.310546875 0.58502137109375 0.310546875 0.585843029296875 0.324802318359375 0.600141630859375 0.3420096875 0.60716459375 0.37645553125 0.611328125 0.410287923828125 0.611328125 0.427568671875 0.608901640625 0.4226233359375 0.604585138671875
0 0.151026880859375 0.760098490234375 0.15234375 0.756965708984375 0.15234375 0.75618197265625 0.145899888671875 0.75322348828125 0.024094205078125 0.72543182421875 0.0118685 0.72333521875 0.00643547265625 0.7253619375 0.005859375 0.726660015625 0.005859375 0.735101267578125 0.009590748046875 0.74389033984375 0.026419419921875 0.758649509765625 0.049314140625 0.767151478515625 0.053528484375 0.767578125 0.119106876953125 0.767578125 0.151026880859375 0.760098490234375
2 0.765625 0.4263336328125 0.765625 0.425247822265625 0.7581734296875 0.419367041015625 0.753544224609375 0.4192397421875 0.7499245859375 0.41497269921875 0.718613453125 0.40577665234375 0.706744970703125 0.397115265625 0.688259556640625 0.3950441171875 0.664313287109375 0.388134353515625 0.552987759765625 0.3501701171875 0.53127273046875 0.3454848046875 0.52681524609375 0.34551782421875 0.514965501953125 0.352250169921875 0.503478658203125 0.370688078125 0.462976791015625 0.40395625 0.397288849609375 0.445908724609375 0.38501221484375 0.4575527109375 0.351420314453125 0.46965242578125 0.349378486328125 0.473464279296875 0.34946151953125 0.479069015625 0.3539048046875 0.484307025390625 0.374074453125 0.49475950390625 0.40815264453125 0.504552580078125 0.44215757421875 0.517990208984375 0.5057161484375 0.535887107421875 0.51948863671875 0.5419961640625 0.606600765625 0.564453125 0.643527015625 0.564453125 0.653494818359375 0.557662802734375 0.680171869140625 0.520888828125 0.698129130859375 0.5031497890625 0.7069221796875 0.480470294921875 0.723205673828125 0.45382927734375 0.765625 0.4263336328125
2 0.494140625 0.390931099609375 0.494140625 0.386265015625 0.48934321484375 0.38301823828125 0.471248326171875 0.376215728515625 0.46338842578125 0.36926321484375 0.43897917578125 0.35982040234375 0.422109537109375 0.34894778125 0.41833973046875 0.34966268359375 0.4122893203125 0.343390421875 0.399660603515625 0.338109814453125 0.395344267578125 0.333555501953125 0.368277345703125 0.322314037109375 0.356063404296875 0.3113260625 0.353217197265625 0.31212166796875 0.3414366640625 0.3079594609375 0.3299954921875 0.29912759375 0.3219093515625 0.2952881875 0.314520568359375 0.29464258984375 0.29033755859375 0.282086666015625 0.267134484375 0.2816257265625 0.25377026171875 0.299255279296875 0.237880560546875 0.300477642578125 0.21980430078125 0.306208265625 0.202991 0.307349927734375 0.18010821484375 0.315271310546875 0.120941158203125 0.323677361328125 0.09673907421875 0.32417342578125 0.07099144921875 0.32035727734375 0.043792330078125 0.323724349609375 0.025282662109375 0.32262920703125 0.023586294921875 0.320392400390625 0.01774305078125 0.32405901171875 0.0192508828125 0.32889007421875 0.0681066484375 0.37284196875 0.130891796875 0.416966654296875 0.15415120703125 0.42944187890625 0.178635873046875 0.43784698828125 0.188418380859375 0.44392319921875 0.261805205078125 0.474609375 0.2838979609375 0.474609375 0.29561209375 0.465298654296875 0.350104822265625 0.444474822265625 0.37359091796875 0.428251818359375 0.4325131015625 0.410425740234375 0.484517615234375 0.398260982421875 0.494140625 0.390931099609375
1 0.40811509375 0.940617708984375 0.433164470703125 0.941055205078125 0.4470821328125 0.925820447265625 0.459577716796875 0.90230215234375 0.47174011328125 0.888711578125 0.485284439453125 0.867232962890625 0.484142361328125 0.8636323203125 0.434896646484375 0.846023822265625 0.38420677734375 0.835262716796875 0.377487802734375 0.831391416015625 0.3466585 0.826171875 0.338509810546875 0.826171875 0.336445357421875 0.82697839453125 0.299833724609375 0.865668833984375 0.281295369140625 0.89210978125 0.2813387265625 0.897963095703125 0.293941703125 0.9066283984375 0.40811509375 0.940617708984375
1 0.225577755859375 0.8902245 0.24859408984375 0.8903949921875 0.253429115234375 0.888466048828125 0.278724076171875 0.865987859375 0.312343080078125 0.826274939453125 0.3125 0.823281884765625 0.3125 0.819424603515625 0.2945859140625 0.8111309921875 0.28811331640625 0.81074383203125 0.257356435546875 0.795865400390625 0.186350783203125 0.770234712890625 0.180963634765625 0.76953125 0.178657939453125 0.76953125 0.106360515625 0.827514302734375 0.103515625 0.839737197265625 0.103515625 0.8437289296875 0.108044154296875 0.84847693359375 0.18843266796875 0.87206112109375 0.225577755859375 0.8902245