2 0.328125 0.5791015625 0.168212890625 0.087890625
0 0.4619140625 0.732421875 0.135009765625 0.08251953125
2 0.59375 0.576171875 0.14453125 0.08251953125
0 0.3310546875 0.7080078125 0.126953125 0.076416015625
2 0.7470703125 0.5712890625 0.1796875 0.076171875
1 0.6328125 0.4072265625 0.18798828125 0.07421875
0 0.603515625 0.7353515625 0.140625 0.080322265625
1 0.4013671875 0.41015625 0.15234375 0.070556640625
0 0.4755859375 0.6748046875 0.12109375 0.052978515625
0 0.6455078125 0.666015625 0.111083984375 0.042724609375
2 0.50375953125 0.54416196875 0.4682652421875 0.54751684375 0.457177974609375 0.546770951171875 0.41117072265625 0.55463924609375 0.398250455078125 0.567343802734375 0.377429099609375 0.600921599609375 0.375 0.60997284375 0.375 0.615234375 0.448972169921875 0.615234375 0.457287341796875 0.61412506640625 0.537060775390625 0.614793201171875 0.542027548828125 0.608952640625 0.5420379296875 0.608251818359375 0.5409863984375 0.5978290546875 0.53101796875 0.580452255859375 0.52758704296875 0.5624711328125 0.5206850234375 0.554697849609375 0.50375953125 0.54416196875
0 0.699554669921875 0.736328125 0.726611865234375 0.72650270703125 0.73753357421875 0.716665814453125 0.7421875 0.704780796875 0.7421875 0.684862478515625 0.74144066015625 0.680563654296875 0.73667540625 0.673994537109375 0.72259941796875 0.66521520703125 0.704341521484375 0.66015625 0.70057808984375 0.66015625 0.688249125 0.6619810234375 0.6752559609375 0.6609682421875 0.639221435546875 0.6661385 0.627311091796875 0.672892271484375 0.61650450390625 0.688453357421875 0.61858642578125 0.699823412109375 0.655902619140625 0.712306955078125 0.668147853515625 0.722205388671875 0.674839443359375 0.736328125 0.699554669921875 0.736328125