1 0.4169921875 0.2822265625 0.200927734375 0.103515625
1 0.7197265625 0.2724609375 0.220947265625 0.1015625
0 0.77734375 0.609375 0.14111328125 0.082275390625
2 0.7822265625 0.4775390625 0.21875 0.1015625
2 0.4697265625 0.482421875 0.162353515625 0.1015625
0 0.6337890625 0.6455078125 0.146484375 0.08984375
2 0.3056640625 0.4853515625 0.197265625 0.08984375
0 0.4873046875 0.6552734375 0.154052734375 0.087646484375
0 0.3896484375 0.6142578125 0.138916015625 0.08203125
0 0.6044921875 0.58984375 0.130859375 0.046875
0 0.439453125 0.58203125 0.074462890625 0.023681640625
2 0.62828486328125 0.52222623046875 0.665252630859375 0.526791728515625 0.665375873046875 0.52682963671875 0.73478125390625 0.52734375 0.735592150390625 0.52734375 0.729577189453125 0.502866275390625 0.72222544921875 0.499558017578125 0.722298169921875 0.495392525390625 0.69775646484375 0.46873672265625 0.695124546875 0.46033668359375 0.682336263671875 0.450121396484375 0.634359068359375 0.43955213671875 0.60147146484375 0.4375 0.576915322265625 0.4375 0.55539465625 0.453216265625 0.55495834375 0.478209224609375 0.54296875 0.503459533203125 0.54296875 0.5168668203125 0.550500751953125 0.5213341484375 0.62828486328125 0.52222623046875