0 0.6630859375 0.5693359375 0.146240234375 0.0859375
2 0.4150390625 0.361328125 0.197265625 0.08984375
0 0.689453125 0.3984375 0.1484375 0.07861328125
2 0.3837890625 0.4541015625 0.166259765625 0.107421875
2 0.3017578125 0.6171875 0.157958984375 0.11767578125
1 0.0419921875 0.3603515625 0.078125 0.109375
0 0.5771484375 0.4775390625 0.114990234375 0.07421875
0 0.6953125 0.486328125 0.156005859375 0.086181640625
0 0.51953125 0.5712890625 0.117431640625 0.064208984375
0 0.619381275390625 0.6070764921875 0.607481400390625 0.5999770546875 0.59482312890625 0.58452174609375 0.588645744140625 0.569244658203125 0.5773349921875 0.562997060546875 0.5538892578125 0.563170732421875 0.545225423828125 0.563362189453125 0.534052544921875 0.566180576171875 0.5181562734375 0.57355751953125 0.50868855859375 0.5837159375 0.5023911328125 0.599401970703125 0.502438505859375 0.602599546875 0.5062089453125 0.61490405859375 0.519824455078125 0.628822873046875 0.54645405859375 0.640494873046875 0.568481939453125 0.642578125 0.595260642578125 0.642578125 0.610378921875 0.64016899609375 0.6365431640625 0.62890690625 0.64453125 0.61938327734375 0.64453125 0.618200060546875 0.64053955859375 0.614430525390625 0.619381275390625 0.6070764921875
2 0.382857384765625 0.57126644140625 0.41826268359375 0.539161138671875 0.426800537109375 0.5251534375 0.432319095703125 0.506610041015625 0.43005878125 0.481172640625 0.427148517578125 0.478717421875 0.42010562109375 0.485866650390625 0.409175412109375 0.5073013984375 0.390655013671875 0.507750466796875 0.37985684765625 0.496320767578125 0.365959732421875 0.496527537109375 0.363049470703125 0.49407231640625 0.36468071875 0.48981444140625 0.340094470703125 0.4806719921875 0.33620503515625 0.477224990234375 0.329705177734375 0.4770440859375 0.313495359375 0.468505740234375 0.29777619140625 0.469329546875 0.294461306640625 0.49453758203125 0.265773931640625 0.53098474609375 0.263671875 0.539737505859375 0.263671875 0.551603171875 0.264390134765625 0.557656220703125 0.28478710546875 0.55763035546875 0.353893177734375 0.56704736328125 0.3708076484375 0.572265625 0.379906890625 0.572265625 0.382857384765625 0.57126644140625