1 0.4169921875 0.2822265625 0.200927734375 0.103515625
1 0.7197265625 0.2724609375 0.220947265625 0.1015625
0 0.77734375 0.609375 0.14111328125 0.082275390625
2 0.7822265625 0.4775390625 0.21875 0.1015625
2 0.4697265625 0.482421875 0.162353515625 0.1015625
0 0.6337890625 0.6455078125 0.146484375 0.08984375
2 0.3056640625 0.4853515625 0.197265625 0.08984375
0 0.4873046875 0.6552734375 0.154052734375 0.087646484375
0 0.3896484375 0.6142578125 0.138916015625 0.08203125
0 0.6044921875 0.58984375 0.130859375 0.046875
0 0.439453125 0.58203125 0.074462890625 0.023681640625
2 0.62555719140625 0.521668861328125 0.654374953125 0.526767837890625 0.731525615234375 0.52733932421875 0.72776319140625 0.507644466796875 0.72059181640625 0.503957240234375 0.720882470703125 0.49980287890625 0.69775994140625 0.47190945703125 0.695570232421875 0.4633864375 0.68332914453125 0.45251978125 0.635952251953125 0.43945803515625 0.6189431171875 0.4375 0.573925021484375 0.4375 0.5563503203125 0.448965236328125 0.55460641015625 0.473891419921875 0.541015625 0.499008484375 0.541015625 0.512126615234375 0.54789621484375 0.51670721875 0.62555719140625 0.521668861328125