1 0.802734375 0.34375 0.312255859375 0.14453125
2 0.826171875 0.546875 0.21484375 0.140625
1 0.541015625 0.2978515625 0.343994140625 0.125
2 0.6474609375 0.5380859375 0.220458984375 0.114990234375
2 0.380859375 0.4609375 0.226318359375 0.109130859375
0 0.6123046875 0.6884765625 0.150634765625 0.091796875
0 0.35546875 0.6171875 0.14892578125 0.08203125
0 0.4736328125 0.66015625 0.150146484375 0.08544921875
0 0.7666015625 0.681640625 0.142822265625 0.07470703125
0 0.4765625 0.599609375 0.12451171875 0.051025390625
0 0.6279296875 0.6298828125 0.126708984375 0.044921875
2 0.5282147109375 0.53554759765625 0.53893110546875 0.52575763671875 0.595936990234375 0.49996076171875 0.603715861328125 0.4931243828125 0.6216659609375 0.4868963984375 0.6458978515625 0.484694998046875 0.659688056640625 0.469351869140625 0.661239654296875 0.45744907421875 0.5867240546875 0.445690232421875 0.539323349609375 0.429816251953125 0.5120608984375 0.426370158203125 0.5076102421875 0.426337189453125 0.47026754296875 0.4731465390625 0.4379296796875 0.48842333203125 0.431640625 0.495687900390625 0.431640625 0.50199992578125 0.458622240234375 0.51834620703125 0.482227189453125 0.528102912109375 0.50316719921875 0.53561401953125 0.52014848046875 0.537109375 0.52214145703125 0.537109375 0.5282147109375 0.53554759765625