2 0.2333984375 0.2294921875 0.30078125 0.130615234375
2 0.5078125 0.234375 0.23388671875 0.132568359375
1 0.59765625 0.5712890625 0.125 0.092041015625
2 0.763671875 0.2431640625 0.23779296875 0.134765625
1 0.3984375 0.568359375 0.140869140625 0.097412109375
0 0.6943359375 0.462890625 0.1875 0.09765625
0 0.5419921875 0.41796875 0.162109375 0.09423828125
0 0.7177734375 0.38671875 0.142822265625 0.06640625
0 0.2724609375 0.447265625 0.181640625 0.097900390625
0 0.265625 0.37890625 0.163818359375 0.06298828125
0 0.43359375 0.3779296875 0.163818359375 0.05859375