2 0.2587890625 0.3623046875 0.209228515625 0.099365234375
1 0.6953125 0.1142578125 0.218505859375 0.099365234375
2 0.494140625 0.3583984375 0.27685546875 0.095947265625
1 0.2998046875 0.1220703125 0.228759765625 0.10546875
2 0.7158203125 0.3544921875 0.248046875 0.09375
0 0.2880859375 0.517578125 0.154052734375 0.085693359375
0 0.6904296875 0.4755859375 0.154541015625 0.068359375
2 0.595703125 0.548828125 0.2578125 0.06591796875
0 0.5419921875 0.4716796875 0.119384765625 0.056396484375
0 0.4345703125 0.5078125 0.142822265625 0.08203125
0 0.37890625 0.46875 0.14013671875 0.05517578125