1 0.8720703125 0.4775390625 0.255859375 0.125
2 0.603515625 0.64453125 0.222900390625 0.16015625
0 0.3310546875 0.630859375 0.134765625 0.0859375
0 0.2353515625 0.5517578125 0.127197265625 0.079833984375
1 0.72265625 0.330078125 0.31201171875 0.11376953125
0 0.380859375 0.7294921875 0.1640625 0.09765625
0 0.1015625 0.513671875 0.17919921875 0.093994140625
2 0.353515625 0.400390625 0.191162109375 0.113037109375
2 0.4521484375 0.4775390625 0.251953125 0.111328125
2 0.479490705078125 0.63671875 0.485245642578125 0.63671875 0.48841467578125 0.63101630078125 0.510310837890625 0.6252518203125 0.52810884765625 0.623803841796875 0.563040294921875 0.607251431640625 0.583923267578125 0.60243644921875 0.601343595703125 0.5946787578125 0.600241423828125 0.564773265625 0.575096861328125 0.522652609375 0.569789412109375 0.51953483984375 0.554017783203125 0.519083818359375 0.51365904296875 0.512639818359375 0.498199529296875 0.51171875 0.39453125 0.51171875 0.39453125 0.517231287109375 0.399446373046875 0.5211459296875 0.404027521484375 0.532559939453125 0.427917396484375 0.567764833984375 0.442401671875 0.604168466796875 0.463796701171875 0.635999669921875 0.479490705078125 0.63671875
0 0.16015625 0.7045313828125 0.160531638671875 0.70528091796875 0.170925193359375 0.715413873046875 0.198015279296875 0.726650505859375 0.2092615 0.7276939375 0.25161163671875 0.728007642578125 0.281330466796875 0.723838470703125 0.296986033203125 0.719240447265625 0.320764857421875 0.7040002734375 0.334296640625 0.68591625390625 0.333825693359375 0.662486970703125 0.3167838046875 0.64420182421875 0.29529062890625 0.634895037109375 0.263837625 0.630859375 0.256020654296875 0.630859375 0.22946175390625 0.632016826171875 0.211944041015625 0.636145119140625 0.18072709765625 0.65002701953125 0.161598408203125 0.6661811953125 0.16015625 0.670369537109375 0.16015625 0.7045313828125
0 0.19047415234375 0.64406946484375 0.23115021484375 0.62694146484375 0.241072138671875 0.61365914453125 0.2413656953125 0.607755251953125 0.241602849609375 0.591747357421875 0.228060291015625 0.57732688671875 0.20381331640625 0.56206125390625 0.174631267578125 0.55291612890625 0.14503500390625 0.552101416015625 0.118931171875 0.55555374609375 0.089716142578125 0.565698154296875 0.07427080859375 0.57830706640625 0.068359375 0.592760359375 0.068359375 0.59864596484375 0.08150036328125 0.61917241796875 0.09999093359375 0.6384505 0.125525228515625 0.646452484375 0.125849853515625 0.646484375 0.179179931640625 0.646484375 0.19047415234375 0.64406946484375