0 0.439453125 0.677734375 0.16845703125 0.0859375
2 0.720703125 0.4306640625 0.289306640625 0.150634765625
0 0.8779296875 0.580078125 0.18359375 0.09765625
2 0.2861328125 0.576171875 0.193359375 0.163818359375
1 0.435546875 0.23828125 0.3203125 0.13232421875
0 0.716796875 0.6240234375 0.16796875 0.095703125
1 0.095703125 0.3671875 0.19140625 0.15673828125
2 0.5009765625 0.5185546875 0.239990234375 0.150146484375
2 0.6162109375 0.7294921875 0.298583984375 0.138916015625
0 0.5673828125 0.6220703125 0.134521484375 0.068359375
0 0.7265625 0.5576171875 0.148193359375 0.0546875