2 0.603515625 0.2314453125 0.1982421875 0.1357421875
2 0.4169921875 0.234375 0.2353515625 0.1171875
2 0.7998046875 0.2421875 0.2333984375 0.1171875
0 0.3955078125 0.423828125 0.162109375 0.095703125
0 0.55859375 0.4384765625 0.1669921875 0.0927734375
0 0.232421875 0.380859375 0.15625 0.08984375
0 0.421875 0.36328125 0.1435546875 0.044921875
1 0.7587890625 0.0234375 0.2548828125 0.046875
0 0.66015625 0.3935546875 0.15234375 0.0849609375
0 0.59765625 0.359375 0.0625 0.01953125
1 0.3974609375 0.005859375 0.1376953125 0.0107421875
2 0.285185185546875 0.283333333984375 0.290740740234375 0.264583333984375 0.30277777734375 0.255729166015625 0.32037037109375 0.227083333984375 0.32407407421875 0.214583333984375 0.346296296875 0.189583333984375 0.35277777734375 0.170833333984375 0.361111111328125 0.161979166015625 0.358333333984375 0.152083333984375 0.34907407421875 0.150520833984375 0.2731481484375 0.153645833984375 0.162037037109375 0.163020833984375 0.14722222265625 0.181770833984375 0.143518517578125 0.199479166015625 0.1231481484375 0.2234375 0.107407408203125 0.2546875 0.109259259765625 0.263020833984375 0.140740740234375 0.278645833984375 0.181481482421875 0.283333333984375 0.253703703125 0.285416666015625 0.267592591796875 0.282291666015625 0.285185185546875 0.283333333984375