2 0.671875 0.5791015625 0.168212890625 0.087890625
0 0.5380859375 0.732421875 0.135009765625 0.08251953125
2 0.40625 0.576171875 0.14453125 0.08251953125
0 0.6689453125 0.7080078125 0.126953125 0.076416015625
2 0.2529296875 0.5712890625 0.1796875 0.076171875
1 0.3671875 0.4072265625 0.18798828125 0.07421875
0 0.396484375 0.7353515625 0.140625 0.080322265625
1 0.5986328125 0.41015625 0.15234375 0.070556640625
0 0.5244140625 0.6748046875 0.12109375 0.052978515625
0 0.3544921875 0.666015625 0.111083984375 0.042724609375
2 0.46082487890625 0.607136681640625 0.540499765625 0.611614470703125 0.563694470703125 0.616241359375 0.576101705078125 0.6171875 0.62379893359375 0.6171875 0.62097498046875 0.603588484375 0.6021063203125 0.568737830078125 0.58993351953125 0.555226501953125 0.54445431640625 0.544407611328125 0.533343458984375 0.544436939453125 0.499742376953125 0.5390625 0.497614140625 0.5390625 0.480603525390625 0.548222486328125 0.4732695390625 0.555534482421875 0.46881791796875 0.57325691796875 0.458984375 0.58826120703125 0.458984375 0.6046897265625 0.46082487890625 0.607136681640625
0 0.33416633984375 0.72125022265625 0.345165060546875 0.709741998046875 0.380707849609375 0.69224079296875 0.38146825 0.68065839453125 0.36897871875 0.66667184375 0.356404416015625 0.661587583984375 0.320109373046875 0.661371740234375 0.30735181640625 0.664152740234375 0.29245523046875 0.6639977109375 0.273688173828125 0.672058072265625 0.260747369140625 0.68270433203125 0.2578125 0.688012431640625 0.2578125 0.712177771484375 0.264784798828125 0.725222576171875 0.27673272265625 0.733505458984375 0.298718919921875 0.73828125 0.315404181640625 0.73828125 0.32909233984375 0.736381373046875 0.33416633984375 0.72125022265625