2 0.6630859375 0.28125 0.34375 0.15234375
2 0.177734375 0.416015625 0.288818359375 0.171630859375
2 0.4150390625 0.345703125 0.3046875 0.163818359375
0 0.39453125 0.595703125 0.19482421875 0.10498046875
0 0.294921875 0.52734375 0.15234375 0.070556640625
1 0.73828125 0.630859375 0.198974609375 0.10498046875
0 0.7763671875 0.482421875 0.189697265625 0.09814453125
1 0.5458984375 0.6787109375 0.171875 0.107666015625
0 0.4921875 0.5185546875 0.171630859375 0.09765625
0 0.724609375 0.421875 0.171630859375 0.07763671875
0 0.5556640625 0.4521484375 0.154541015625 0.060791015625