0 0.62109375 0.783203125 0.138671875 0.0830078125
1 0.171875 0.556640625 0.1728515625 0.1337890625
1 0.451171875 0.4921875 0.203125 0.1240234375
2 0.642578125 0.62890625 0.1982421875 0.1240234375
2 0.26953125 0.7138671875 0.173828125 0.1220703125
2 0.4580078125 0.6826171875 0.20703125 0.1171875
2 0.515625 0.8662109375 0.244140625 0.109375
0 0.7587890625 0.755859375 0.1484375 0.0859375
0 0.3837890625 0.810546875 0.146484375 0.0712890625
0 0.50390625 0.7724609375 0.11328125 0.0546875
0 0.646484375 0.7294921875 0.12890625 0.0458984375