1 0.623046875 0.3486328125 0.183837890625 0.1328125
2 0.5380859375 0.529296875 0.189697265625 0.101318359375
2 0.705078125 0.521484375 0.17578125 0.113525390625
1 0.3623046875 0.33984375 0.248291015625 0.12890625
2 0.2490234375 0.4990234375 0.197509765625 0.107177734375
0 0.4033203125 0.6650390625 0.142822265625 0.080078125
0 0.6904296875 0.6474609375 0.134521484375 0.064453125
0 0.546875 0.666015625 0.140625 0.082275390625
0 0.54296875 0.6181640625 0.10546875 0.025390625
2 0.501118865234375 0.48210351953125 0.505474677734375 0.46342966796875 0.50014062890625 0.45706861328125 0.479764490234375 0.457180083984375 0.4453625078125 0.461178755859375 0.410216935546875 0.45995096875 0.39459484375 0.456509966796875 0.376105783203125 0.45561707421875 0.351011951171875 0.4582394453125 0.34899763671875 0.462889302734375 0.35512980859375 0.4729144609375 0.355418982421875 0.491160552734375 0.350446814453125 0.500962447265625 0.3478326640625 0.52279822265625 0.341796875 0.53154578125 0.341796875 0.547248056640625 0.36898709375 0.55345030078125 0.394952048828125 0.556640625 0.442299544921875 0.556640625 0.48055930078125 0.5140015 0.487818439453125 0.49173796875 0.501118865234375 0.48210351953125
0 0.352252451171875 0.63753348828125 0.396573248046875 0.6275800703125 0.3984375 0.612781109375 0.3984375 0.6106932734375 0.395291826171875 0.606084154296875 0.378920080078125 0.60128459375 0.3144691796875 0.59373185546875 0.273881064453125 0.59373185546875 0.271665318359375 0.59535092578125 0.267578125 0.605511728515625 0.267578125 0.61933179296875 0.272002119140625 0.6303555234375 0.293189259765625 0.645933912109375 0.309800728515625 0.650390625 0.331112765625 0.650390625 0.341728759765625 0.64201865234375 0.352252451171875 0.63753348828125