1 0.9169921875 0.421875 0.099609375 0.10546875
1 0.9384765625 0.5673828125 0.095703125 0.146240234375
2 0.5634765625 0.5595703125 0.158203125 0.092041015625
0 0.25 0.4052734375 0.15234375 0.080078125
0 0.220703125 0.4931640625 0.1640625 0.087646484375
2 0.5302734375 0.390625 0.181884765625 0.097412109375
2 0.587890625 0.65234375 0.144775390625 0.12109375
0 0.3447265625 0.4921875 0.11328125 0.073974609375
0 0.2353515625 0.5791015625 0.150146484375 0.088134765625
0 0.380859375 0.58984375 0.113525390625 0.06640625
2 0.541015625 0.478515625 0.15966796875 0.105712890625