2 0.1259765625 0.5009765625 0.228515625 0.140625
1 0.15625 0.259765625 0.3125 0.123046875
0 0.3525390625 0.6630859375 0.1650390625 0.0986328125
2 0.3212890625 0.4921875 0.232421875 0.119140625
0 0.1875 0.650390625 0.1591796875 0.0908203125
2 0.6123046875 0.4267578125 0.2353515625 0.103515625
1 0.44140625 0.2314453125 0.3681640625 0.107421875
0 0.5048828125 0.6376953125 0.1591796875 0.0888671875
0 0.6328125 0.5966796875 0.1591796875 0.0849609375
0 0.5048828125 0.5712890625 0.130859375 0.060546875
0 0.3388671875 0.59765625 0.150390625 0.0615234375
2 0.367592591796875 0.447916666015625 0.388888888671875 0.463541666015625 0.4018518515625 0.468229166015625 0.410185185546875 0.477604166015625 0.4194444453125 0.480729166015625 0.4231481484375 0.485416666015625 0.42222222265625 0.499479166015625 0.418518517578125 0.5015625 0.42592592578125 0.505208333984375 0.438888888671875 0.505729166015625 0.4805555546875 0.5 0.512037037109375 0.488020833984375 0.5305555546875 0.484375 0.54722222265625 0.476041666015625 0.5518518515625 0.470833333984375 0.543518517578125 0.459895833984375 0.536111111328125 0.457291666015625 0.513888888671875 0.441666666015625 0.486111111328125 0.413020833984375 0.4805555546875 0.393229166015625 0.45 0.392708333984375 0.425 0.397395833984375 0.4055555546875 0.403645833984375 0.338888888671875 0.411458333984375 0.313888888671875 0.411458333984375 0.310185185546875 0.4171875 0.316666666015625 0.428645833984375 0.3305555546875 0.4328125 0.337962962890625 0.43125 0.341666666015625 0.4359375 0.367592591796875 0.447916666015625