1 0.366666666015625 0.319270833984375 0.35092592578125 0.30625 0.337037037109375 0.297916666015625 0.316666666015625 0.2796875 0.312962962890625 0.279166666015625 0.289814814453125 0.258333333984375 0.268518517578125 0.244791666015625 0.2555555546875 0.244791666015625 0.20277777734375 0.255729166015625 0.181481482421875 0.2625 0.158333333984375 0.264583333984375 0.133333333984375 0.270833333984375 0.128703703125 0.273958333984375 0.137037037109375 0.292708333984375 0.17777777734375 0.349479166015625 0.196296296875 0.36875 0.362037037109375 0.338020833984375 0.375 0.33125 0.366666666015625 0.319270833984375
1 0.467592591796875 0.313020833984375 0.490740740234375 0.311979166015625 0.531481482421875 0.304166666015625 0.632407408203125 0.283854166015625 0.65092592578125 0.279166666015625 0.65462962890625 0.275520833984375 0.6555555546875 0.267708333984375 0.65092592578125 0.263020833984375 0.4805555546875 0.203125 0.4731481484375 0.203125 0.3555555546875 0.2265625 0.35 0.2296875 0.35 0.2328125 0.3555555546875 0.2453125 0.363888888671875 0.253645833984375 0.4 0.277083333984375 0.467592591796875 0.313020833984375
2 0.257407408203125 0.572395833984375 0.2694444453125 0.571354166015625 0.317592591796875 0.560416666015625 0.321296296875 0.557291666015625 0.3555555546875 0.546875 0.359259259765625 0.543229166015625 0.358333333984375 0.53125 0.346296296875 0.511458333984375 0.341666666015625 0.483333333984375 0.333333333984375 0.4671875 0.32962962890625 0.449479166015625 0.32407407421875 0.44375 0.314814814453125 0.44375 0.2981481484375 0.448958333984375 0.1805555546875 0.4921875 0.193518517578125 0.5265625 0.19537037109375 0.547916666015625 0.20092592578125 0.560416666015625 0.207407408203125 0.566145833984375 0.22777777734375 0.5671875 0.257407408203125 0.572395833984375
0 0.6494140625 0.6103515625 0.1484375 0.083984375
0 0.3505859375 0.6396484375 0.140625 0.08203125
0 0.51171875 0.6357421875 0.1474609375 0.0869140625
0 0.47265625 0.5810546875 0.125 0.0556640625
0 0.6943359375 0.5517578125 0.138671875 0.07421875
0 0.609375 0.5400390625 0.0576171875 0.02734375
2 0.408333333984375 0.541666666015625 0.453703703125 0.524479166015625 0.540740740234375 0.499479166015625 0.541666666015625 0.494270833984375 0.534259259765625 0.488020833984375 0.50462962890625 0.472916666015625 0.4944444453125 0.471354166015625 0.471296296875 0.449479166015625 0.435185185546875 0.433854166015625 0.37592592578125 0.449479166015625 0.342592591796875 0.4671875 0.340740740234375 0.4765625 0.360185185546875 0.524479166015625 0.362037037109375 0.5375 0.3694444453125 0.545833333984375 0.37592592578125 0.547395833984375 0.408333333984375 0.541666666015625
2 0.564814814453125 0.5 0.59722222265625 0.491666666015625 0.60462962890625 0.486979166015625 0.62222222265625 0.481770833984375 0.6444444453125 0.466666666015625 0.62777777734375 0.449479166015625 0.591666666015625 0.401041666015625 0.589814814453125 0.39375 0.559259259765625 0.394791666015625 0.506481482421875 0.411458333984375 0.438888888671875 0.419791666015625 0.438888888671875 0.430208333984375 0.459259259765625 0.4421875 0.47222222265625 0.445833333984375 0.4944444453125 0.46875 0.5555555546875 0.498958333984375 0.564814814453125 0.5
2 0.75462962890625 0.4453125 0.809259259765625 0.41875 0.818518517578125 0.411458333984375 0.813888888671875 0.407291666015625 0.80277777734375 0.406770833984375 0.737962962890625 0.39375 0.717284259765625 0.375772396484375 0.68765462890625 0.36605625 0.661111111328125 0.3890625 0.6481481484375 0.388264583984375 0.6061731484375 0.397980728515625 0.612037037109375 0.422395833984375 0.6305555546875 0.4484375 0.6518518515625 0.466666666015625 0.662962962890625 0.4703125 0.712962962890625 0.459375 0.75462962890625 0.4453125