2 0.2 0.169270833984375 0.22407407421875 0.159375 0.22037037109375 0.152604166015625 0.196296296875 0.143229166015625 0.187037037109375 0.133333333984375 0.185185185546875 0.1078125 0.1944444453125 0.102083333984375 0.181481482421875 0.086458333984375 0.1444444453125 0.083854166015625 0.115740740234375 0.084895833984375 0.060185185546875 0.0984375 0.036111111328125 0.106770833984375 0.0018518515625 0.113541666015625 0 0.201041666015625 0.02962962890625 0.199479166015625 0.063888888671875 0.19375 0.1444444453125 0.184895833984375 0.162037037109375 0.177604166015625 0.2 0.169270833984375
2 0.2444444453125 0.1703125 0.266666666015625 0.170833333984375 0.35092592578125 0.1625 0.44537037109375 0.148958333984375 0.459259259765625 0.148958333984375 0.516666666015625 0.141666666015625 0.5231481484375 0.136979166015625 0.52037037109375 0.130729166015625 0.50277777734375 0.116666666015625 0.482407408203125 0.0859375 0.482407408203125 0.058854166015625 0.4768518515625 0.05 0.460185185546875 0.051041666015625 0.40462962890625 0.060416666015625 0.2305555546875 0.0921875 0.228703703125 0.095833333984375 0.237962962890625 0.103125 0.243518517578125 0.114583333984375 0.238888888671875 0.1578125 0.240740740234375 0.167708333984375 0.2444444453125 0.1703125
2 0.59907407421875 0.130208333984375 0.614814814453125 0.130208333984375 0.6694444453125 0.1234375 0.75092592578125 0.1078125 0.757407408203125 0.108333333984375 0.888888888671875 0.060416666015625 0.8944444453125 0.057291666015625 0.89722222265625 0.046875 0.87777777734375 0.051041666015625 0.8694444453125 0.050520833984375 0.761111111328125 0.028125 0.75 0.022395833984375 0.707407408203125 0.0203125 0.678703703125 0.027083333984375 0.5805555546875 0.057291666015625 0.5555555546875 0.0671875 0.541666666015625 0.075520833984375 0.518518517578125 0.080208333984375 0.516666666015625 0.08125 0.521296296875 0.084895833984375 0.546296296875 0.095833333984375 0.5518518515625 0.1015625 0.589814814453125 0.121875 0.59907407421875 0.130208333984375
0 0.44722222265625 0.641145833984375 0.47037037109375 0.636458333984375 0.487962962890625 0.624479166015625 0.4981481484375 0.611979166015625 0.50092592578125 0.603125 0.49907407421875 0.5859375 0.482407408203125 0.565625 0.463888888671875 0.556770833984375 0.437037037109375 0.549479166015625 0.414814814453125 0.546875 0.388888888671875 0.549479166015625 0.357407408203125 0.556770833984375 0.332407408203125 0.571354166015625 0.3194444453125 0.591145833984375 0.3194444453125 0.609375 0.331481482421875 0.626041666015625 0.3481481484375 0.6359375 0.37592592578125 0.645833333984375 0.40277777734375 0.645833333984375 0.44722222265625 0.641145833984375
0 0.3518518515625 0.558333333984375 0.381481482421875 0.548958333984375 0.390740740234375 0.530729166015625 0.391666666015625 0.516666666015625 0.382407408203125 0.5046875 0.367592591796875 0.496875 0.358333333984375 0.494791666015625 0.242592591796875 0.508333333984375 0.22962962890625 0.511979166015625 0.2231481484375 0.525 0.22407407421875 0.546875 0.232407408203125 0.557291666015625 0.246296296875 0.565625 0.27777777734375 0.573958333984375 0.32777777734375 0.5734375 0.3518518515625 0.558333333984375
0 0.50462962890625 0.533333333984375 0.514814814453125 0.527604166015625 0.52962962890625 0.508854166015625 0.531481482421875 0.496875 0.52777777734375 0.486979166015625 0.5194444453125 0.476041666015625 0.512962962890625 0.4734375 0.406481482421875 0.486979166015625 0.393518517578125 0.491145833984375 0.393518517578125 0.502604166015625 0.4018518515625 0.516145833984375 0.421296296875 0.530729166015625 0.446296296875 0.538541666015625 0.475 0.539583333984375 0.50462962890625 0.533333333984375
0 0.6444444453125 0.572395833984375 0.666666666015625 0.560416666015625 0.684259259765625 0.5421875 0.686111111328125 0.528125 0.678703703125 0.508333333984375 0.664814814453125 0.5 0.637037037109375 0.490625 0.616666666015625 0.486458333984375 0.5731481484375 0.488020833984375 0.546296296875 0.497395833984375 0.533333333984375 0.50625 0.52037037109375 0.524479166015625 0.52037037109375 0.543229166015625 0.536111111328125 0.5609375 0.563888888671875 0.5734375 0.583333333984375 0.578125 0.615740740234375 0.577083333984375 0.6444444453125 0.572395833984375
0 0.682407408203125 0.510416666015625 0.70277777734375 0.498958333984375 0.716666666015625 0.488020833984375 0.72222222265625 0.479166666015625 0.72037037109375 0.463020833984375 0.711111111328125 0.452083333984375 0.70277777734375 0.449479166015625 0.584259259765625 0.4640625 0.564814814453125 0.469270833984375 0.565740740234375 0.480729166015625 0.571296296875 0.486979166015625 0.60092592578125 0.484895833984375 0.618518517578125 0.4859375 0.67222222265625 0.503125 0.682407408203125 0.510416666015625
0 0.793518517578125 0.567708333984375 0.82407407421875 0.563020833984375 0.853703703125 0.544270833984375 0.864814814453125 0.533333333984375 0.866666666015625 0.519270833984375 0.863888888671875 0.5078125 0.8518518515625 0.494270833984375 0.834259259765625 0.483854166015625 0.79537037109375 0.472916666015625 0.763888888671875 0.471875 0.7268518515625 0.481770833984375 0.6944444453125 0.5046875 0.688888888671875 0.511458333984375 0.688888888671875 0.533333333984375 0.6944444453125 0.540625 0.715740740234375 0.554166666015625 0.7518518515625 0.566145833984375 0.77222222265625 0.568229166015625 0.793518517578125 0.567708333984375
1 0.383333333984375 0.445833333984375 0.383333333984375 0.434895833984375 0.368518517578125 0.403125 0.358333333984375 0.363541666015625 0.339814814453125 0.324479166015625 0.333333333984375 0.321875 0.3055555546875 0.3203125 0.283333333984375 0.327083333984375 0.25092592578125 0.3296875 0.24907407421875 0.331770833984375 0.2305555546875 0.331770833984375 0.189814814453125 0.341145833984375 0.191666666015625 0.459895833984375 0.19537037109375 0.4859375 0.212962962890625 0.488020833984375 0.387037037109375 0.466145833984375 0.390740740234375 0.460416666015625 0.383333333984375 0.445833333984375
1 0.7444444453125 0.341145833984375 0.812962962890625 0.258854166015625 0.817592591796875 0.248958333984375 0.817592591796875 0.244791666015625 0.786111111328125 0.227604166015625 0.690740740234375 0.274479166015625 0.675 0.284895833984375 0.55 0.411458333984375 0.55092592578125 0.416145833984375 0.57777777734375 0.4296875 0.587962962890625 0.431770833984375 0.665740740234375 0.400520833984375 0.712962962890625 0.384375 0.7444444453125 0.341145833984375