0 0.15 0.6 0.181481482421875 0.602604166015625 0.20462962890625 0.602083333984375 0.25 0.595833333984375 0.292592591796875 0.576041666015625 0.312037037109375 0.558333333984375 0.325 0.538541666015625 0.32592592578125 0.510416666015625 0.3194444453125 0.494791666015625 0.308333333984375 0.480208333984375 0.290740740234375 0.466666666015625 0.262037037109375 0.452083333984375 0.246296296875 0.447395833984375 0.207407408203125 0.4421875 0.181481482421875 0.441666666015625 0.15462962890625 0.444791666015625 0.09722222265625 0.459375 0.063888888671875 0.4734375 0.05 0.482291666015625 0.036111111328125 0.494270833984375 0.02777777734375 0.509375 0.02777777734375 0.527604166015625 0.036111111328125 0.5453125 0.058333333984375 0.565104166015625 0.075 0.575520833984375 0.106481482421875 0.589583333984375 0.15 0.6
0 0.936111111328125 0.697395833984375 0.967592591796875 0.694270833984375 0.99907407421875 0.686979166015625 0.99907407421875 0.583333333984375 0.9768518515625 0.573958333984375 0.92962962890625 0.565104166015625 0.889814814453125 0.566666666015625 0.865740740234375 0.5703125 0.837962962890625 0.580729166015625 0.8055555546875 0.600520833984375 0.7944444453125 0.61875 0.79537037109375 0.638541666015625 0.803703703125 0.655729166015625 0.82592592578125 0.674479166015625 0.861111111328125 0.690104166015625 0.89722222265625 0.696875 0.936111111328125 0.697395833984375
0 0.964814814453125 0.769791666015625 0.986111111328125 0.758854166015625 0.99907407421875 0.745833333984375 0.99907407421875 0.729166666015625 0.92777777734375 0.752604166015625 0.911111111328125 0.75625 0.87407407421875 0.770833333984375 0.871296296875 0.772395833984375 0.8731481484375 0.775 0.896296296875 0.778125 0.915740740234375 0.778125 0.938888888671875 0.7765625 0.964814814453125 0.769791666015625
0 0.367592591796875 0.7359375 0.387962962890625 0.7234375 0.39907407421875 0.709895833984375 0.3981481484375 0.70625 0.358333333984375 0.716145833984375 0.287962962890625 0.738020833984375 0.282407408203125 0.741145833984375 0.283333333984375 0.744270833984375 0.3055555546875 0.747916666015625 0.321296296875 0.747916666015625 0.35 0.742708333984375 0.367592591796875 0.7359375
0 0.262962962890625 0.692708333984375 0.264814814453125 0.702604166015625 0.27037037109375 0.70625 0.29907407421875 0.698958333984375 0.2981481484375 0.686979166015625 0.290740740234375 0.683333333984375 0.262962962890625 0.692708333984375
0 0.261111111328125 0.659895833984375 0.2444444453125 0.665625 0.25 0.678125 0.258333333984375 0.678645833984375 0.275 0.670833333984375 0.278703703125 0.664583333984375 0.2768518515625 0.6578125 0.261111111328125 0.659895833984375
0 0.356481482421875 0.665104166015625 0.333333333984375 0.671354166015625 0.32962962890625 0.678645833984375 0.334259259765625 0.6859375 0.341666666015625 0.685416666015625 0.365740740234375 0.675 0.362962962890625 0.6671875 0.356481482421875 0.665104166015625
0 0.218518517578125 0.707291666015625 0.218518517578125 0.711979166015625 0.225 0.716666666015625 0.236111111328125 0.715625 0.236111111328125 0.710416666015625 0.22962962890625 0.703645833984375 0.218518517578125 0.707291666015625
0 0.3194444453125 0.6421875 0.318518517578125 0.650520833984375 0.325 0.6546875 0.331481482421875 0.651041666015625 0.332407408203125 0.640104166015625 0.32407407421875 0.639583333984375 0.3194444453125 0.6421875
2 0.337037037109375 0.530208333984375 0.35277777734375 0.543229166015625 0.37777777734375 0.577083333984375 0.4 0.594791666015625 0.412962962890625 0.594270833984375 0.4444444453125 0.586979166015625 0.57222222265625 0.5515625 0.635185185546875 0.528645833984375 0.659259259765625 0.522395833984375 0.675 0.511979166015625 0.675 0.506770833984375 0.666666666015625 0.5 0.661111111328125 0.497395833984375 0.657407408203125 0.4984375 0.641666666015625 0.490625 0.603703703125 0.4609375 0.568518517578125 0.440625 0.534259259765625 0.415625 0.513888888671875 0.386979166015625 0.496296296875 0.3734375 0.4805555546875 0.376041666015625 0.464814814453125 0.3828125 0.39722222265625 0.402083333984375 0.3481481484375 0.4203125 0.314814814453125 0.428645833984375 0.2694444453125 0.445833333984375 0.263888888671875 0.449479166015625 0.27839537109375 0.457118228515625 0.291666666015625 0.4703125 0.30462962890625 0.476041666015625 0.32407407421875 0.498958333984375 0.337037037109375 0.530208333984375
2 0.737962962890625 0.505729166015625 0.743518517578125 0.50625 0.8768518515625 0.4578125 0.9 0.442708333984375 0.917592591796875 0.434895833984375 0.958333333984375 0.405208333984375 0.991666666015625 0.3765625 0.957407408203125 0.369791666015625 0.942592591796875 0.3703125 0.9231481484375 0.3671875 0.885185185546875 0.365104166015625 0.853703703125 0.358333333984375 0.7981481484375 0.338541666015625 0.786111111328125 0.331770833984375 0.763888888671875 0.329166666015625 0.7481481484375 0.3078125 0.72592592578125 0.30625 0.709259259765625 0.310416666015625 0.69907407421875 0.316666666015625 0.684259259765625 0.3203125 0.661111111328125 0.330208333984375 0.553703703125 0.378645833984375 0.54537037109375 0.384375 0.537037037109375 0.386458333984375 0.531481482421875 0.391145833984375 0.52962962890625 0.4015625 0.537037037109375 0.409375 0.6481481484375 0.447395833984375 0.660185185546875 0.460416666015625 0.7194444453125 0.491666666015625 0.737962962890625 0.505729166015625
1 0.69537037109375 0.920833333984375 0.737037037109375 0.908333333984375 0.740740740234375 0.904166666015625 0.737962962890625 0.892708333984375 0.7231481484375 0.875520833984375 0.681481482421875 0.838541666015625 0.663888888671875 0.841666666015625 0.5805555546875 0.86875 0.5444444453125 0.883854166015625 0.546296296875 0.8921875 0.583333333984375 0.936458333984375 0.585185185546875 0.9421875 0.60462962890625 0.953125 0.62222222265625 0.95 0.69537037109375 0.920833333984375
1 0.786111111328125 0.897395833984375 0.8055555546875 0.889583333984375 0.87962962890625 0.8671875 0.890740740234375 0.866666666015625 0.9055555546875 0.861458333984375 0.911111111328125 0.856770833984375 0.912037037109375 0.847395833984375 0.906481482421875 0.8375 0.842592591796875 0.784375 0.758333333984375 0.808854166015625 0.728703703125 0.821875 0.716666666015625 0.824479166015625 0.711111111328125 0.828125 0.711111111328125 0.831770833984375 0.721296296875 0.847395833984375 0.758333333984375 0.8875 0.77407407421875 0.896875 0.786111111328125 0.897395833984375