2 0.3134765625 0.3359375 0.185302734375 0.13330078125
2 0.3134765625 0.4765625 0.171875 0.128662109375
1 0.642578125 0.5869140625 0.29248046875 0.150634765625
2 0.3095703125 0.6298828125 0.173583984375 0.173583984375
1 0.689453125 0.3759765625 0.26953125 0.103271484375
0 0.9638671875 0.40234375 0.072021484375 0.09375
0 0.890625 0.4501953125 0.070068359375 0.068359375
0 0.935546875 0.6083984375 0.12890625 0.091796875
0 0.927734375 0.5185546875 0.144287109375 0.091796875
0 0.9052734375 0.361328125 0.092041015625 0.09033203125
0 0.8818359375 0.5595703125 0.060302734375 0.060302734375