1 0.6416015625 0.1640625 0.1904296875 0.0908203125
1 0.2861328125 0.158203125 0.1962890625 0.0859375
0 0.2861328125 0.486328125 0.14453125 0.0703125
2 0.2666015625 0.375 0.228515625 0.0830078125
2 0.6826171875 0.380859375 0.189453125 0.0869140625
2 0.3720703125 0.5556640625 0.240234375 0.0576171875
2 0.4677734375 0.384765625 0.2568359375 0.0810546875
0 0.6611328125 0.5283203125 0.1416015625 0.0791015625
0 0.525390625 0.5185546875 0.1328125 0.0771484375
0 0.421875 0.478515625 0.11328125 0.05859375
0 0.580078125 0.4794921875 0.1279296875 0.056640625