0 0.741025412109375 0.694792083984375 0.750987626953125 0.6856129296875 0.775074279296875 0.648362953125 0.776770244140625 0.64205576953125 0.771138568359375 0.6391113046875 0.76184307421875 0.6378481953125 0.732377158203125 0.645051626953125 0.718505125 0.646020369140625 0.6785591015625 0.641578181640625 0.65062083203125 0.635706376953125 0.642578125 0.646592544921875 0.642578125 0.663906689453125 0.6442512890625 0.67759492578125 0.670571279296875 0.692897626953125 0.68081833203125 0.69517209765625 0.681851583984375 0.6953125 0.736991162109375 0.6953125 0.741025412109375 0.694792083984375
0 0.60702485546875 0.699662958984375 0.63076181640625 0.682166271484375 0.638759484375 0.665218927734375 0.63748828515625 0.648074212890625 0.629924576171875 0.640524986328125 0.590704376953125 0.62522567578125 0.561930060546875 0.62258380859375 0.53978314453125 0.62700296484375 0.515878734375 0.636171396484375 0.5021690390625 0.6455048828125 0.498046875 0.655364642578125 0.498046875 0.68194090625 0.50211183203125 0.688740029296875 0.5237201328125 0.70361228125 0.53588416796875 0.70703125 0.5856158203125 0.70703125 0.58955946875 0.706523123046875 0.60702485546875 0.699662958984375
0 0.484388501953125 0.668587240234375 0.491753470703125 0.662858072265625 0.5026986875 0.6404622421875 0.501664736328125 0.62587890625 0.49326195703125 0.61650390625 0.479307482421875 0.6076497421875 0.46353201953125 0.602962240234375 0.421849923828125 0.60087890625 0.39224344140625 0.60400390625 0.369203318359375 0.618587240234375 0.361328125 0.629326140625 0.361328125 0.645873986328125 0.366718748046875 0.65817057421875 0.37882137109375 0.667024740234375 0.418566017578125 0.677734375 0.45305435546875 0.677734375 0.464998072265625 0.675878908203125 0.484388501953125 0.668587240234375
0 0.356883193359375 0.627605841796875 0.379420169921875 0.609934220703125 0.386091552734375 0.599160921875 0.3853657421875 0.587682798828125 0.368057611328125 0.57110418359375 0.340447681640625 0.561041302734375 0.30251776953125 0.55853553515625 0.29138108203125 0.559821388671875 0.275570021484375 0.5635955859375 0.260630205078125 0.570516923828125 0.24747833203125 0.5811291015625 0.244140625 0.589426291015625 0.244140625 0.608528552734375 0.245063193359375 0.613365640625 0.259666685546875 0.6257097109375 0.2743792578125 0.63180554296875 0.296681853515625 0.63671875 0.333113974609375 0.63671875 0.356883193359375 0.627605841796875
0 0.46216830078125 0.60546875 0.486269470703125 0.60546875 0.49499529296875 0.598425873046875 0.490731857421875 0.592387716796875 0.39940376171875 0.5625 0.3844217734375 0.5625 0.37890625 0.5667080234375 0.37890625 0.568571466796875 0.3873896015625 0.582555888671875 0.39189504296875 0.5995694921875 0.44008071484375 0.60084987890625 0.46216830078125 0.60546875
0 0.62065791796875 0.632753720703125 0.6277671953125 0.6288075234375 0.6259891796875 0.62664766015625 0.54074848046875 0.599587791015625 0.53239746875 0.59765625 0.521484375 0.59765625 0.521484375 0.59832940234375 0.5227485390625 0.610812353515625 0.536156369140625 0.6249298046875 0.56408081640625 0.6214214375 0.587105802734375 0.625522947265625 0.6089726640625 0.6326671640625 0.62065791796875 0.632753720703125
1 0.8572995859375 0.352034076171875 0.89572796484375 0.32253144140625 0.90234375 0.3133406796875 0.90234375 0.30490076171875 0.893935947265625 0.3005289765625 0.841561123046875 0.289577625 0.8280135625 0.281469150390625 0.81871659375 0.281955900390625 0.78479527734375 0.2731505546875 0.760838484375 0.269632865234375 0.66085633203125 0.32725541796875 0.641934712890625 0.335507765625 0.598026455078125 0.363118796875 0.59058801953125 0.36937819140625 0.59069480078125 0.38379353125 0.624513033203125 0.39285360546875 0.629184923828125 0.3920903125 0.64557775 0.3988049609375 0.714298587890625 0.41751079296875 0.751815654296875 0.42578125 0.766250673828125 0.42578125 0.823449478515625 0.38285308984375 0.829397466796875 0.37434633984375 0.838858275390625 0.370220166015625 0.84381103515625 0.36321786328125 0.848506330078125 0.36193465234375 0.8572995859375 0.352034076171875
1 0.326297884765625 0.3152607734375 0.32339509375 0.317176349609375 0.3236274921875 0.332863291015625 0.442216267578125 0.366838294921875 0.48110044140625 0.375 0.49632623046875 0.375 0.6605011875 0.2949251953125 0.669921875 0.278928302734375 0.669921875 0.2696635390625 0.64467995703125 0.262118138671875 0.541084736328125 0.239477845703125 0.326297884765625 0.3152607734375
2 0.721881919921875 0.4691115546875 0.71452537109375 0.470019349609375 0.708512328125 0.477120119140625 0.7011959453125 0.50621128515625 0.677583416015625 0.554947482421875 0.668259216796875 0.56796340234375 0.669238203125 0.58252675 0.71371225390625 0.59585275390625 0.7715601953125 0.607421875 0.798786884765625 0.607421875 0.8125588515625 0.60423918359375 0.8576615234375 0.5303660078125 0.869198119140625 0.508882796875 0.86625148046875 0.506427578125 0.74255821875 0.4732466484375 0.721881919921875 0.4691115546875
2 0.670055576171875 0.470793751953125 0.653358673828125 0.47091723046875 0.6368493125 0.46846675390625 0.620068126953125 0.46846675390625 0.56684374609375 0.479586451171875 0.5552887578125 0.4856217578125 0.5398686875 0.500812609375 0.5175933671875 0.511779505859375 0.512541404296875 0.51788225390625 0.50094238671875 0.52339799609375 0.485346203125 0.53651058984375 0.485610376953125 0.539627978515625 0.505735849609375 0.54710419921875 0.573009658203125 0.56330094140625 0.602714498046875 0.5742877890625 0.622443712890625 0.5770879296875 0.63728008203125 0.58203125 0.65050696875 0.58203125 0.66475644921875 0.572558126953125 0.671035546875 0.548076849609375 0.681183505859375 0.536390921875 0.699147791015625 0.4964575859375 0.698179158203125 0.4850271640625 0.670055576171875 0.470793751953125
2 0.574315740234375 0.47196712890625 0.59590782421875 0.4592015390625 0.61010265234375 0.4468784140625 0.610536662109375 0.437464587890625 0.603955029296875 0.435772076171875 0.591961748046875 0.437011005859375 0.578825740234375 0.43414590234375 0.537134400390625 0.43507503125 0.489295439453125 0.424897828125 0.47528929296875 0.423127865234375 0.45864546875 0.42412341796875 0.453451884765625 0.431214201171875 0.4538335 0.438493046875 0.44263070703125 0.4548095859375 0.407334443359375 0.489256822265625 0.3918606015625 0.494876326171875 0.3851993203125 0.5093565703125 0.406114197265625 0.519058052734375 0.439076875 0.52856044140625 0.44990031640625 0.53125 0.482386875 0.53125 0.4934680859375 0.522177732421875 0.5204445625 0.50596078515625 0.534178126953125 0.50253156640625 0.558760123046875 0.476026880859375 0.571487251953125 0.471093220703125 0.574315740234375 0.47196712890625
2 0.451171875 0.441471640625 0.451171875 0.43351173046875 0.44542973046875 0.429890587890625 0.391005431640625 0.40305753515625 0.3673295078125 0.39347568359375 0.355327705078125 0.392325591796875 0.345843490234375 0.397042197265625 0.3415114765625 0.410891587890625 0.330915 0.4197206875 0.25785094140625 0.43622553125 0.230814828125 0.439501291015625 0.228885537109375 0.44243215625 0.228902369140625 0.44470430078125 0.2882604296875 0.481611646484375 0.31008632421875 0.491096580078125 0.346051041015625 0.5 0.381527736328125 0.5 0.390796765625 0.4901113359375 0.4067795 0.485213830078125 0.416474361328125 0.4758161484375 0.42304309765625 0.474074884765625 0.436625271484375 0.4607100859375 0.451171875 0.441471640625