0 0.720703125 0.5546875 0.171875 0.09423828125
0 0.5654296875 0.0498046875 0.2734375 0.099609375
2 0.5146484375 0.408203125 0.259765625 0.12060546875
2 0.7392578125 0.3759765625 0.256103515625 0.103515625
2 0.3544921875 0.4267578125 0.16796875 0.09765625
2 0.470703125 0.6796875 0.355712890625 0.121337890625
0 0.5673828125 0.58203125 0.181396484375 0.097900390625
0 0.3701171875 0.57421875 0.171875 0.078125
2 0.1220703125 0.427734375 0.10546875 0.070068359375
0 0.1640625 0.6142578125 0.08203125 0.099853515625
0 0.5390625 0.5302734375 0.160400390625 0.060546875