2 0.505859375 0.2568359375 0.2939453125 0.12890625
2 0.236328125 0.2958984375 0.26953125 0.1259765625
2 0.8076171875 0.216796875 0.376953125 0.12109375
1 0.42578125 0.52734375 0.2080078125 0.1728515625
1 0.8056640625 0.4453125 0.2431640625 0.2109375
0 0.548828125 0.7109375 0.1884765625 0.103515625
0 0.7373046875 0.6396484375 0.171875 0.095703125
0 0.91015625 0.623046875 0.173828125 0.0966796875
0 0.4375 0.6533203125 0.1669921875 0.0673828125
0 0.591796875 0.623046875 0.1337890625 0.05078125
0 0.787109375 0.591796875 0.12109375 0.044921875