1 0.1279296875 0.4775390625 0.255859375 0.125
2 0.396484375 0.64453125 0.2236328125 0.16015625
0 0.6689453125 0.630859375 0.134765625 0.0859375
0 0.7646484375 0.5517578125 0.1279296875 0.0791015625
1 0.27734375 0.330078125 0.310546875 0.115234375
0 0.619140625 0.7294921875 0.1640625 0.09765625
0 0.8984375 0.513671875 0.177734375 0.0947265625
2 0.646484375 0.400390625 0.1904296875 0.1123046875
2 0.5478515625 0.4775390625 0.251953125 0.111328125
2 0.506481482421875 0.631770833984375 0.509259259765625 0.638020833984375 0.5305555546875 0.6390625 0.55462962890625 0.609375 0.57222222265625 0.574479166015625 0.59907407421875 0.541666666015625 0.60462962890625 0.530729166015625 0.610185185546875 0.527083333984375 0.612962962890625 0.517708333984375 0.610185185546875 0.515625 0.491666666015625 0.511458333984375 0.45092592578125 0.5140625 0.435185185546875 0.513020833984375 0.42962962890625 0.515625 0.40092592578125 0.555208333984375 0.39722222265625 0.584895833984375 0.413888888671875 0.594270833984375 0.434259259765625 0.601041666015625 0.467592591796875 0.620833333984375 0.485185185546875 0.623958333984375 0.506481482421875 0.631770833984375
0 0.7768518515625 0.7296875 0.80277777734375 0.7265625 0.82962962890625 0.714583333984375 0.839814814453125 0.704166666015625 0.843518517578125 0.696354166015625 0.843518517578125 0.680208333984375 0.837962962890625 0.665104166015625 0.818518517578125 0.649479166015625 0.787037037109375 0.636458333984375 0.7694444453125 0.6328125 0.737037037109375 0.632291666015625 0.703703703125 0.6375 0.682407408203125 0.647395833984375 0.665740740234375 0.666145833984375 0.665740740234375 0.689583333984375 0.67962962890625 0.707291666015625 0.703703703125 0.721875 0.7194444453125 0.726041666015625 0.7518518515625 0.7296875 0.7768518515625 0.7296875
0 0.89722222265625 0.6390625 0.916666666015625 0.6203125 0.932407408203125 0.597916666015625 0.92592592578125 0.5796875 0.911111111328125 0.566666666015625 0.882407408203125 0.555729166015625 0.856481482421875 0.5515625 0.8268518515625 0.5515625 0.79722222265625 0.559895833984375 0.77222222265625 0.574479166015625 0.757407408203125 0.5890625 0.757407408203125 0.610416666015625 0.766666666015625 0.623958333984375 0.806481482421875 0.6421875 0.834259259765625 0.648958333984375 0.871296296875 0.646354166015625 0.89722222265625 0.6390625