0 0.284259259765625 0.643229166015625 0.287037037109375 0.625520833984375 0.2768518515625 0.611458333984375 0.258333333984375 0.600520833984375 0.22592592578125 0.593229166015625 0.20462962890625 0.59375 0.17037037109375 0.602083333984375 0.15 0.6140625 0.153703703125 0.653125 0.161111111328125 0.669791666015625 0.188888888671875 0.678125 0.231481482421875 0.678645833984375 0.262962962890625 0.66875 0.284259259765625 0.643229166015625
0 0.42037037109375 0.694791666015625 0.437962962890625 0.6859375 0.45092592578125 0.669270833984375 0.453703703125 0.658333333984375 0.45092592578125 0.643229166015625 0.437962962890625 0.628125 0.412962962890625 0.614583333984375 0.386111111328125 0.608854166015625 0.357407408203125 0.611458333984375 0.32777777734375 0.621354166015625 0.309259259765625 0.6359375 0.30092592578125 0.6484375 0.30277777734375 0.666145833984375 0.312962962890625 0.679166666015625 0.334259259765625 0.693229166015625 0.3694444453125 0.703125 0.382407408203125 0.703125 0.42037037109375 0.694791666015625
0 0.391666666015625 0.609895833984375 0.416666666015625 0.6140625 0.4268518515625 0.6046875 0.431481482421875 0.594791666015625 0.4305555546875 0.577083333984375 0.425 0.56875 0.413888888671875 0.563020833984375 0.321296296875 0.5703125 0.30092592578125 0.575520833984375 0.29907407421875 0.592708333984375 0.30277777734375 0.602604166015625 0.307407408203125 0.608854166015625 0.325 0.619791666015625 0.360185185546875 0.610416666015625 0.391666666015625 0.609895833984375
0 0.55277777734375 0.6890625 0.583333333984375 0.6796875 0.596296296875 0.671875 0.60462962890625 0.6515625 0.60462962890625 0.641666666015625 0.6 0.632291666015625 0.5805555546875 0.619791666015625 0.538888888671875 0.6078125 0.518518517578125 0.605208333984375 0.486111111328125 0.611458333984375 0.465740740234375 0.622916666015625 0.456481482421875 0.6359375 0.4555555546875 0.656770833984375 0.462962962890625 0.668229166015625 0.478703703125 0.680208333984375 0.508333333984375 0.690104166015625 0.52962962890625 0.691666666015625 0.55277777734375 0.6890625
0 0.646296296875 0.6296875 0.653703703125 0.622916666015625 0.660185185546875 0.608854166015625 0.657407408203125 0.5875 0.643518517578125 0.573958333984375 0.621296296875 0.564583333984375 0.591666666015625 0.561458333984375 0.561111111328125 0.5640625 0.534259259765625 0.5765625 0.52592592578125 0.591145833984375 0.52592592578125 0.602604166015625 0.587037037109375 0.621354166015625 0.60092592578125 0.63125 0.607407408203125 0.639583333984375 0.634259259765625 0.635416666015625 0.646296296875 0.6296875
0 0.543518517578125 0.571875 0.566666666015625 0.5640625 0.5944444453125 0.563020833984375 0.59722222265625 0.558333333984375 0.588888888671875 0.552083333984375 0.57222222265625 0.5515625 0.490740740234375 0.557291666015625 0.478703703125 0.561979166015625 0.47962962890625 0.575 0.485185185546875 0.5828125 0.50277777734375 0.593229166015625 0.52222222265625 0.596354166015625 0.5305555546875 0.58125 0.543518517578125 0.571875
1 0.22407407421875 0.29375 0.240740740234375 0.3125 0.25092592578125 0.3140625 0.37777777734375 0.313541666015625 0.42962962890625 0.310416666015625 0.42777777734375 0.302604166015625 0.341666666015625 0.23125 0.27592592578125 0.233333333984375 0.25 0.23125 0.1981481484375 0.234895833984375 0.196296296875 0.241145833984375 0.20092592578125 0.257291666015625 0.215740740234375 0.2734375 0.218518517578125 0.286458333984375 0.22407407421875 0.2890625 0.22407407421875 0.29375
1 0.508333333984375 0.308854166015625 0.5481481484375 0.3109375 0.6694444453125 0.3078125 0.7055555546875 0.309375 0.712037037109375 0.3078125 0.717592591796875 0.303125 0.715740740234375 0.296354166015625 0.561111111328125 0.232291666015625 0.52777777734375 0.230729166015625 0.42777777734375 0.233333333984375 0.4268518515625 0.252083333984375 0.433333333984375 0.261458333984375 0.45 0.269791666015625 0.461111111328125 0.280729166015625 0.487037037109375 0.297916666015625 0.508333333984375 0.308854166015625
2 0.19907407421875 0.543229166015625 0.225 0.539583333984375 0.2444444453125 0.540104166015625 0.261111111328125 0.533854166015625 0.2805555546875 0.532291666015625 0.291666666015625 0.529166666015625 0.2944444453125 0.521354166015625 0.291666666015625 0.511458333984375 0.292592591796875 0.457291666015625 0.29722222265625 0.44375 0.296296296875 0.434895833984375 0.291666666015625 0.431770833984375 0.139814814453125 0.455729166015625 0.125 0.461458333984375 0.128703703125 0.490625 0.12407407421875 0.506770833984375 0.133333333984375 0.522916666015625 0.17222222265625 0.530208333984375 0.189814814453125 0.541145833984375 0.19907407421875 0.543229166015625
2 0.410185185546875 0.521354166015625 0.490740740234375 0.514583333984375 0.488888888671875 0.502083333984375 0.462037037109375 0.483854166015625 0.439814814453125 0.463020833984375 0.412962962890625 0.453645833984375 0.4055555546875 0.441666666015625 0.388888888671875 0.4421875 0.367592591796875 0.447395833984375 0.341666666015625 0.447916666015625 0.296296296875 0.461458333984375 0.2981481484375 0.527604166015625 0.3 0.532291666015625 0.306481482421875 0.535416666015625 0.325 0.5359375 0.3518518515625 0.533333333984375 0.410185185546875 0.521354166015625
2 0.4731481484375 0.491145833984375 0.486111111328125 0.497395833984375 0.496296296875 0.515104166015625 0.503703703125 0.519791666015625 0.514814814453125 0.520833333984375 0.543518517578125 0.517708333984375 0.562962962890625 0.511979166015625 0.57407407421875 0.511458333984375 0.6 0.502083333984375 0.5981481484375 0.494270833984375 0.5768518515625 0.468229166015625 0.567592591796875 0.447395833984375 0.57037037109375 0.433333333984375 0.567592591796875 0.428645833984375 0.537962962890625 0.425520833984375 0.478703703125 0.433854166015625 0.411111111328125 0.4328125 0.411111111328125 0.444270833984375 0.418518517578125 0.451041666015625 0.425 0.452604166015625 0.4481481484375 0.467708333984375 0.45277777734375 0.475 0.4731481484375 0.491145833984375
2 0.70277777734375 0.499479166015625 0.782407408203125 0.477083333984375 0.785185185546875 0.474479166015625 0.7805555546875 0.4703125 0.735185185546875 0.4546875 0.717592591796875 0.4515625 0.689814814453125 0.440625 0.685185185546875 0.4375 0.687962962890625 0.429166666015625 0.693518517578125 0.4265625 0.688888888671875 0.421875 0.683333333984375 0.421354166015625 0.67962962890625 0.423958333984375 0.675 0.421354166015625 0.6731481484375 0.4234375 0.64907407421875 0.425 0.593518517578125 0.4390625 0.57777777734375 0.447395833984375 0.5768518515625 0.456770833984375 0.582407408203125 0.4625 0.581481482421875 0.466666666015625 0.590740740234375 0.484375 0.6194444453125 0.5078125 0.70277777734375 0.499479166015625