2 0.322265625 0.7021484375 0.18408203125 0.08984375
2 0.5966796875 0.70703125 0.146240234375 0.086181640625
0 0.4482421875 0.87890625 0.14453125 0.097412109375
1 0.6357421875 0.5361328125 0.166015625 0.068359375
0 0.5927734375 0.884765625 0.154052734375 0.09033203125
0 0.3076171875 0.8447265625 0.134521484375 0.08984375
1 0.4033203125 0.529296875 0.158203125 0.0625
2 0.74609375 0.708984375 0.179443359375 0.07470703125
0 0.47265625 0.8125 0.125 0.06640625
0 0.64453125 0.8076171875 0.105712890625 0.045166015625
2 0.386036302734375 0.73393576953125 0.384407455078125 0.748046875 0.42253243359375 0.748046875 0.44604249609375 0.7438373671875 0.492204486328125 0.7408942890625 0.53118474609375 0.74145959765625 0.541015625 0.73877640625 0.541015625 0.721124611328125 0.532782677734375 0.710058587890625 0.5225791796875 0.682408265625 0.51065278125 0.67050690625 0.499250837890625 0.666407341796875 0.48180088671875 0.66888842578125 0.4232430859375 0.66674016015625 0.41926762109375 0.662773041015625 0.4042100859375 0.6870506875 0.396928671875 0.71666197265625 0.386036302734375 0.73393576953125