1 0.37876573046875 0.191669021484375 0.37890625 0.182183958984375 0.37890625 0.155627130859375 0.37183920703125 0.152577611328125 0.220958484375 0.148228611328125 0.1889521875 0.1638726796875 0.15021500390625 0.18711691796875 0.14917182421875 0.190731376953125 0.15558342578125 0.19302298046875 0.18235702734375 0.19597183203125 0.207313416015625 0.197265625 0.375750775390625 0.197265625 0.37876573046875 0.191669021484375
1 0.55078125 0.161337556640625 0.55078125 0.173975572265625 0.56197284375 0.21151080859375 0.564576640625 0.212890625 0.6222978359375 0.212890625 0.73832373046875 0.2081114375 0.778526751953125 0.204598681640625 0.77859676953125 0.199872541015625 0.75509887890625 0.18314912890625 0.705619845703125 0.154577177734375 0.68599804296875 0.153158765625 0.679645978515625 0.155280216796875 0.63808406640625 0.15891170703125 0.61657736328125 0.15713583984375 0.55078125 0.161337556640625
2 0.282514943359375 0.4655335390625 0.293688033203125 0.465450775390625 0.311349900390625 0.454821966796875 0.349825087890625 0.423706111328125 0.375 0.4013965 0.375 0.39181237890625 0.32368959375 0.386555634765625 0.270940279296875 0.38470419140625 0.22226484765625 0.380859375 0.192130767578125 0.380859375 0.1884500234375 0.38464316015625 0.1790828359375 0.38682866796875 0.169411375 0.39577835546875 0.111721451171875 0.433958328125 0.1117664296875 0.44003052734375 0.119040208984375 0.444085822265625 0.1469779296875 0.441171548828125 0.2235436015625 0.4493080625 0.23995983203125 0.455260255859375 0.282514943359375 0.4655335390625
2 0.3234514140625 0.44995039453125 0.360702544921875 0.464548541015625 0.39682027734375 0.466028396484375 0.439991419921875 0.474259740234375 0.449270916015625 0.474609375 0.476992072265625 0.474609375 0.574655365234375 0.4560236796875 0.602328583984375 0.44230983203125 0.607421875 0.43811225390625 0.607421875 0.42493366015625 0.607029291015625 0.424383427734375 0.587145638671875 0.414649427734375 0.526864728515625 0.396877853515625 0.5146441328125 0.39967514453125 0.483034998046875 0.400596494140625 0.39873044140625 0.41452691015625 0.3320224375 0.429164958984375 0.32145065625 0.435728380859375 0.319171888671875 0.443392671875 0.3234514140625 0.44995039453125
2 0.828125 0.45968062890625 0.828125 0.456752765625 0.813408431640625 0.446159654296875 0.808471984375 0.438052681640625 0.798718671875 0.432291693359375 0.787761857421875 0.41810725 0.790331486328125 0.408847208984375 0.796392978515625 0.402391302734375 0.796193029296875 0.392978546875 0.77553585546875 0.390625 0.75547869140625 0.390625 0.68392427734375 0.3941004453125 0.620895447265625 0.390625 0.616320310546875 0.390625 0.60806181640625 0.3920066171875 0.607579654296875 0.3982478515625 0.61713111328125 0.418622626953125 0.60829719140625 0.460965626953125 0.6114676171875 0.4679305859375 0.67039118359375 0.4732689375 0.70198061328125 0.472399203125 0.70836259375 0.473795748046875 0.82797765234375 0.461587927734375 0.828125 0.45968062890625
2 0.2109375 0.650990880859375 0.2109375 0.653207802734375 0.21129486328125 0.666199962890625 0.217697056640625 0.669921875 0.432343435546875 0.669921875 0.457633685546875 0.6641135078125 0.491895251953125 0.663692146484375 0.4957878125 0.66135941796875 0.495846078125 0.6534933359375 0.49100733984375 0.631411802734375 0.459889654296875 0.611425947265625 0.3402436328125 0.605859203125 0.237544859375 0.6102471953125 0.226724068359375 0.6209657265625 0.2109375 0.650990880859375
0 0.19238978125 0.580187880859375 0.225074037109375 0.59576566796875 0.239716376953125 0.599609375 0.290800828125 0.599609375 0.3074961640625 0.59588972265625 0.34508975390625 0.574397017578125 0.34765625 0.57039776171875 0.34765625 0.548648388671875 0.335104720703125 0.53289829296875 0.3024295546875 0.517841259765625 0.282942623046875 0.515576841796875 0.266260314453125 0.51482620703125 0.24500362109375 0.517280896484375 0.216431544921875 0.525072400390625 0.202644759765625 0.531043087890625 0.184483564453125 0.5516756875 0.182868330078125 0.565247611328125 0.19238978125 0.580187880859375
0 0.37449033984375 0.579710375 0.394489607421875 0.588873583984375 0.403346111328125 0.58984375 0.448730248046875 0.58984375 0.45484969921875 0.58771668359375 0.463642953125 0.577881791015625 0.48046875 0.56762928515625 0.48046875 0.53851557421875 0.4777044453125 0.533474576171875 0.4704915625 0.528819583984375 0.4366872734375 0.517164861328125 0.408081998046875 0.513678822265625 0.384769353515625 0.516282603515625 0.369594607421875 0.52360352734375 0.356960859375 0.5363080859375 0.354385251953125 0.55229495703125 0.3611768359375 0.566304830078125 0.37449033984375 0.579710375
0 0.493758548828125 0.55454525 0.46840310546875 0.568972431640625 0.45703125 0.582796634765625 0.45703125 0.583174482421875 0.457500990234375 0.599045439453125 0.471690140625 0.61780865625 0.496249287109375 0.634684529296875 0.513516669921875 0.639029115234375 0.52949371875 0.640625 0.5618620859375 0.640625 0.568220943359375 0.63972249609375 0.58360076171875 0.633482021484375 0.60825363671875 0.6163924296875 0.6127105625 0.599905794921875 0.612815224609375 0.592841083984375 0.610236818359375 0.582036576171875 0.5875231015625 0.56528987890625 0.57139857421875 0.558412060546875 0.525571099609375 0.551545640625 0.493758548828125 0.55454525
0 0.619943810546875 0.58960641015625 0.633560236328125 0.576280044921875 0.64757055859375 0.56710180078125 0.666534560546875 0.5611155 0.671875 0.557406263671875 0.671875 0.53921715234375 0.667464509765625 0.531728521484375 0.652406515625 0.52007862890625 0.63134726953125 0.513671875 0.6085469140625 0.513671875 0.580344337890625 0.51541128515625 0.55390742578125 0.52106081640625 0.534513984375 0.532319802734375 0.526280677734375 0.543565427734375 0.5247461875 0.556790904296875 0.5304739609375 0.558339771484375 0.568563376953125 0.55786203515625 0.58375538671875 0.561128154296875 0.610022748046875 0.573283203125 0.619943810546875 0.58960641015625
0 0.631591748046875 0.63734585546875 0.65588337890625 0.64743651953125 0.686624498046875 0.65573943359375 0.69532412890625 0.65625 0.71531101953125 0.65625 0.726446107421875 0.65487043359375 0.765901427734375 0.63578337109375 0.779296875 0.621468697265625 0.779296875 0.59828470703125 0.770388994140625 0.582496845703125 0.752546849609375 0.570618435546875 0.71812330078125 0.563485806640625 0.68569794921875 0.563575779296875 0.64512841015625 0.573325865234375 0.629556568359375 0.582203466796875 0.61328125 0.601508212890625 0.61328125 0.60217319140625 0.613624017578125 0.61922125 0.631591748046875 0.63734585546875