1 0.4814453125 0.5380859375 0.240234375 0.1796875
2 0.509765625 0.2607421875 0.3017578125 0.140625
2 0.251953125 0.3251953125 0.2744140625 0.134765625
1 0.83984375 0.427734375 0.19921875 0.2216796875
2 0.798828125 0.2001953125 0.3681640625 0.1259765625
0 0.646484375 0.7119140625 0.1875 0.103515625
0 0.5146484375 0.6591796875 0.162109375 0.072265625
0 0.6630859375 0.619140625 0.1298828125 0.0537109375
0 0.8154296875 0.6259765625 0.173828125 0.0986328125
0 0.947265625 0.5966796875 0.0986328125 0.09765625
0 0.861328125 0.572265625 0.109375 0.046875