0 0.3369140625 0.5693359375 0.1455078125 0.0859375
2 0.5849609375 0.361328125 0.197265625 0.08984375
0 0.310546875 0.3984375 0.1484375 0.080078125
2 0.6162109375 0.4541015625 0.1669921875 0.107421875
2 0.6982421875 0.6171875 0.1572265625 0.119140625
1 0.9580078125 0.3603515625 0.078125 0.109375
0 0.4228515625 0.4775390625 0.1142578125 0.07421875
0 0.3046875 0.486328125 0.1552734375 0.0869140625
0 0.48046875 0.5712890625 0.1181640625 0.0634765625
0 0.4805555546875 0.6296875 0.4944444453125 0.616145833984375 0.49907407421875 0.602083333984375 0.492592591796875 0.584895833984375 0.483333333984375 0.574479166015625 0.467592591796875 0.566666666015625 0.456481482421875 0.563541666015625 0.425 0.561979166015625 0.412962962890625 0.568229166015625 0.406481482421875 0.583333333984375 0.393518517578125 0.5984375 0.381481482421875 0.605208333984375 0.360185185546875 0.611979166015625 0.3555555546875 0.616145833984375 0.363888888671875 0.6265625 0.389814814453125 0.638541666015625 0.414814814453125 0.643229166015625 0.453703703125 0.640625 0.4805555546875 0.6296875
2 0.6481481484375 0.5671875 0.716666666015625 0.554166666015625 0.737037037109375 0.553125 0.737962962890625 0.5390625 0.734259259765625 0.5265625 0.703703703125 0.491666666015625 0.69907407421875 0.466666666015625 0.683333333984375 0.466666666015625 0.667592591796875 0.476041666015625 0.661111111328125 0.4765625 0.657407408203125 0.480208333984375 0.633333333984375 0.490625 0.635185185546875 0.494791666015625 0.632407408203125 0.497395833984375 0.618518517578125 0.497916666015625 0.608333333984375 0.509895833984375 0.589814814453125 0.510416666015625 0.57777777734375 0.489583333984375 0.57037037109375 0.4828125 0.567592591796875 0.485416666015625 0.566666666015625 0.5109375 0.5731481484375 0.529166666015625 0.582407408203125 0.542708333984375 0.6194444453125 0.572916666015625 0.6268518515625 0.575 0.6481481484375 0.5671875