1 0.361328125 0.80078125 0.2138671875 0.13671875
2 0.78125 0.4765625 0.373046875 0.1552734375
2 0.5205078125 0.4013671875 0.400390625 0.1611328125
0 0.3525390625 0.5712890625 0.1982421875 0.1123046875
2 0.25390625 0.3251953125 0.400390625 0.130859375
0 0.583984375 0.701171875 0.23046875 0.1337890625
1 0.1591796875 0.7236328125 0.2197265625 0.1171875
0 0.1337890625 0.5625 0.2265625 0.1201171875
0 0.6953125 0.640625 0.1962890625 0.1083984375
0 0.5380859375 0.5712890625 0.1728515625 0.080078125
0 0.25 0.4892578125 0.162109375 0.0830078125