0 0.451171875 0.5205078125 0.101318359375 0.056396484375
0 0.6591796875 0.521484375 0.099853515625 0.05810546875
0 0.736328125 0.4990234375 0.09716796875 0.056396484375
1 0.6845703125 0.2646484375 0.11328125 0.052734375
2 0.7353515625 0.3984375 0.126953125 0.06201171875
2 0.537109375 0.400390625 0.10595703125 0.05859375
0 0.556640625 0.525390625 0.1015625 0.05078125
1 0.505859375 0.263671875 0.12158203125 0.054931640625
2 0.4287109375 0.400390625 0.119140625 0.05078125
0 0.517578125 0.4931640625 0.08935546875 0.041015625
2 0.6328125 0.4052734375 0.12451171875 0.05078125
0 0.672558837890625 0.493143732421875 0.6754443671875 0.49059562109375 0.674893796875 0.4817236640625 0.668682328125 0.47534400390625 0.64866012109375 0.46712290625 0.622844822265625 0.46451881640625 0.607029609375 0.46628566796875 0.590090978515625 0.472720984375 0.583328701171875 0.479360955078125 0.58203125 0.487610521484375 0.58203125 0.496442912109375 0.601396767578125 0.51171875 0.609236958984375 0.51171875 0.61557555078125 0.505028443359375 0.633549462890625 0.496007806640625 0.646633373046875 0.493143568359375 0.672558837890625 0.493143732421875