1 0.705078125 0.29296875 0.212890625 0.146484375
2 0.5712890625 0.4912109375 0.189453125 0.126953125
1 0.4033203125 0.2421875 0.287109375 0.1298828125
2 0.234375 0.4482421875 0.271484375 0.1123046875
2 0.7197265625 0.5263671875 0.2109375 0.095703125
0 0.5810546875 0.6416015625 0.1474609375 0.0888671875
0 0.1767578125 0.580078125 0.1533203125 0.087890625
0 0.302734375 0.6376953125 0.15625 0.099609375
0 0.458984375 0.671875 0.1630859375 0.1005859375
0 0.373046875 0.5859375 0.1337890625 0.0556640625
2 0.42222222265625 0.523958333984375 0.42962962890625 0.5234375 0.45277777734375 0.5296875 0.4694444453125 0.530208333984375 0.4731481484375 0.5265625 0.47222222265625 0.480729166015625 0.47962962890625 0.4671875 0.483333333984375 0.467708333984375 0.485185185546875 0.465104166015625 0.485185185546875 0.452604166015625 0.4694444453125 0.432291666015625 0.462962962890625 0.430208333984375 0.42962962890625 0.429166666015625 0.4055555546875 0.424479166015625 0.382407408203125 0.428645833984375 0.35 0.427604166015625 0.340740740234375 0.43125 0.32222222265625 0.445833333984375 0.315740740234375 0.45625 0.29722222265625 0.466145833984375 0.286111111328125 0.465625 0.281481482421875 0.471875 0.271296296875 0.474479166015625 0.25462962890625 0.494791666015625 0.2518518515625 0.501041666015625 0.25462962890625 0.504166666015625 0.27407407421875 0.509895833984375 0.32777777734375 0.515104166015625 0.388888888671875 0.517708333984375 0.42222222265625 0.523958333984375