1 0.6806640625 0.69140625 0.2431640625 0.1533203125
1 0.4736328125 0.7353515625 0.1953125 0.1669921875
0 0.2919921875 0.6005859375 0.205078125 0.107421875
0 0.712890625 0.51171875 0.1943359375 0.1025390625
0 0.4326171875 0.544921875 0.1748046875 0.1025390625
2 0.1337890625 0.380859375 0.2109375 0.08984375
0 0.5166015625 0.48828125 0.1611328125 0.08984375
0 0.2431640625 0.5458984375 0.150390625 0.072265625
2 0.353515625 0.3330078125 0.224609375 0.0908203125
2 0.6025390625 0.291015625 0.271484375 0.080078125
0 0.685546875 0.4599609375 0.16796875 0.0732421875