1 0.294921875 0.29296875 0.21435546875 0.14794921875
2 0.4287109375 0.4912109375 0.189453125 0.126953125
1 0.5966796875 0.2421875 0.287109375 0.129150390625
2 0.765625 0.4482421875 0.27294921875 0.111572265625
2 0.2802734375 0.5263671875 0.2109375 0.095703125
0 0.4189453125 0.6416015625 0.146728515625 0.088134765625
0 0.8232421875 0.580078125 0.154052734375 0.08935546875
0 0.697265625 0.6376953125 0.15625 0.099609375
0 0.541015625 0.671875 0.163818359375 0.101318359375
0 0.626953125 0.5859375 0.133056640625 0.054931640625
2 0.74605209375 0.503051107421875 0.748046875 0.500691365234375 0.748046875 0.498373322265625 0.74581904296875 0.49367875 0.728652126953125 0.473786279296875 0.718405072265625 0.471436037109375 0.713621380859375 0.4653028828125 0.702526345703125 0.466099779296875 0.68376704296875 0.456667076171875 0.67702844140625 0.44641446484375 0.6581526171875 0.432295583984375 0.648805333984375 0.42888094921875 0.6164329453125 0.4307279296875 0.593187740234375 0.4271378671875 0.56923696875 0.432422498046875 0.535938916015625 0.43429249609375 0.529511046875 0.436536361328125 0.515829119140625 0.45512888671875 0.515950732421875 0.47154655078125 0.51650648046875 0.47228831640625 0.5201961953125 0.47167555859375 0.52793814453125 0.485029275390625 0.528144490234375 0.529296875 0.56272068359375 0.529296875 0.57158041796875 0.52666678515625 0.578998685546875 0.5270033359375 0.612167267578125 0.51992647265625 0.67319643359375 0.515803896484375 0.72675554296875 0.50926202734375 0.74605209375 0.503051107421875