0 0.37890625 0.783203125 0.14013671875 0.082275390625
1 0.828125 0.556640625 0.172119140625 0.133056640625
1 0.548828125 0.4921875 0.203125 0.124755859375
2 0.357421875 0.62890625 0.198974609375 0.124755859375
2 0.73046875 0.7138671875 0.17236328125 0.122802734375
2 0.5419921875 0.6826171875 0.20703125 0.1171875
2 0.484375 0.8662109375 0.24267578125 0.109375
0 0.2412109375 0.755859375 0.1484375 0.0859375
0 0.6162109375 0.810546875 0.146484375 0.070556640625
0 0.49609375 0.7724609375 0.11328125 0.0546875
0 0.353515625 0.7294921875 0.12890625 0.045166015625