1 0.521484375 0.6953125 0.2314453125 0.1630859375
1 0.7333984375 0.7373046875 0.19140625 0.1748046875
0 0.8017578125 0.5029296875 0.173828125 0.09765625
0 0.650390625 0.5224609375 0.1767578125 0.107421875
0 0.470703125 0.52734375 0.2001953125 0.10546875
0 0.9111328125 0.5908203125 0.1708984375 0.12109375
2 0.7607421875 0.3115234375 0.294921875 0.072265625
2 0.5224609375 0.2822265625 0.2705078125 0.0654296875
0 0.51171875 0.4619140625 0.1396484375 0.0703125
2 0.9560546875 0.337890625 0.087890625 0.0654296875
0 0.943359375 0.5185546875 0.1123046875 0.0537109375