2 0.693359375 0.4833984375 0.171630859375 0.115478515625
1 0.7392578125 0.2958984375 0.232421875 0.111572265625
0 0.603515625 0.603515625 0.128662109375 0.07421875
2 0.3095703125 0.3837890625 0.197265625 0.095458984375
1 0.5166015625 0.240234375 0.28125 0.09765625
2 0.4580078125 0.41796875 0.19140625 0.097412109375
0 0.4541015625 0.5927734375 0.134765625 0.076416015625
0 0.501953125 0.5419921875 0.11376953125 0.056884765625
0 0.33203125 0.5625 0.133056640625 0.07763671875
0 0.2998046875 0.505859375 0.131103515625 0.066650390625
0 0.3779296875 0.4931640625 0.072021484375 0.04296875
2 0.608579763671875 0.426949537109375 0.555663095703125 0.408590482421875 0.51871865234375 0.42136483203125 0.50489920703125 0.430842712890625 0.46335985546875 0.448338853515625 0.455078125 0.4535483984375 0.455078125 0.46333496484375 0.566581306640625 0.507473369140625 0.578126908203125 0.509765625 0.596527744140625 0.509765625 0.631943962890625 0.455944734375 0.633714794921875 0.444993517578125 0.608579763671875 0.426949537109375