2 0.119140625 0.44921875 0.230712890625 0.140380859375
2 0.3251953125 0.4404296875 0.23828125 0.119384765625
0 0.185546875 0.609375 0.163818359375 0.09423828125
2 0.634765625 0.37890625 0.2421875 0.105224609375
1 0.158203125 0.18359375 0.31640625 0.109130859375
0 0.353515625 0.623046875 0.168212890625 0.101806640625
1 0.4599609375 0.158203125 0.38671875 0.09716796875
0 0.6484375 0.5615234375 0.1640625 0.087646484375
0 0.515625 0.5341796875 0.13330078125 0.060791015625
0 0.3359375 0.5537109375 0.152587890625 0.06640625
0 0.513671875 0.599609375 0.163818359375 0.090087890625
2 0.44070309375 0.440703455078125 0.44007588671875 0.456088125 0.440184783203125 0.456122517578125 0.453147521484375 0.45602649609375 0.4687304453125 0.453893134765625 0.500619953125 0.445644349609375 0.537382658203125 0.42857412890625 0.548334009765625 0.4259681953125 0.558012771484375 0.418449494140625 0.558130150390625 0.40260336328125 0.55146209375 0.395369123046875 0.541899689453125 0.392096326171875 0.5377090859375 0.3862242734375 0.515233568359375 0.3726820625 0.49821295703125 0.357577626953125 0.4919725 0.341796875 0.450890142578125 0.341796875 0.4305104296875 0.348324501953125 0.38644682421875 0.367132013671875 0.362199513671875 0.366296765625 0.354058712890625 0.3691586171875 0.3209138046875 0.3733468125 0.318359375 0.375914984375 0.318359375 0.381514416015625 0.321744810546875 0.383717115234375 0.333993115234375 0.38569028515625 0.44070309375 0.440703455078125