0 0.6630859375 0.5693359375 0.146240234375 0.0859375
2 0.4150390625 0.361328125 0.197265625 0.08984375
0 0.689453125 0.3984375 0.1484375 0.07861328125
2 0.3837890625 0.4541015625 0.166259765625 0.107421875
2 0.3017578125 0.6171875 0.157958984375 0.11767578125
1 0.0419921875 0.3603515625 0.078125 0.109375
0 0.5771484375 0.4775390625 0.114990234375 0.07421875
0 0.6953125 0.486328125 0.156005859375 0.086181640625
0 0.51953125 0.5712890625 0.117431640625 0.064208984375
0 0.611150015625 0.639519078125 0.637110318359375 0.627800642578125 0.64547203515625 0.61746793359375 0.640852912109375 0.613254853515625 0.619572228515625 0.606270232421875 0.607551787109375 0.599378626953125 0.594627318359375 0.58414458203125 0.588185021484375 0.568975646484375 0.5769111015625 0.563001203125 0.563670267578125 0.563099283203125 0.544674251953125 0.5638510625 0.533553712890625 0.5668643671875 0.51779067578125 0.5745185546875 0.50850293359375 0.584841962890625 0.50390625 0.59689923828125 0.50390625 0.6078951328125 0.506568388671875 0.616072638671875 0.5204230078125 0.6297535234375 0.547248837890625 0.640960529296875 0.568252697265625 0.642578125 0.5939006796875 0.642578125 0.611150015625 0.639519078125
2 0.419249576171875 0.536858322265625 0.427399271484375 0.5225016015625 0.432406015625 0.50374084765625 0.429447052734375 0.478421134765625 0.426470296875 0.476091158203125 0.419626451171875 0.483532115234375 0.40928945703125 0.505410640625 0.39078790234375 0.506642775390625 0.3796792421875 0.49567978125 0.3657926875 0.496474251953125 0.362815935546875 0.494144271484375 0.364329533203125 0.489821087890625 0.339500521484375 0.481726625 0.33551766796875 0.4784471484375 0.3290151171875 0.478541359375 0.31257620703125 0.47069613671875 0.296885203125 0.4721841875 0.294264615234375 0.497510576171875 0.26658947265625 0.53513966015625 0.265625 0.53971883984375 0.265625 0.559706548828125 0.265939537109375 0.56184653125 0.286328642578125 0.560957849609375 0.355669419921875 0.56744333203125 0.36654598828125 0.5703125 0.384863845703125 0.5703125 0.419249576171875 0.536858322265625