1 0.3671875 0.9013671875 0.198974609375 0.146484375
1 0.6455078125 0.9013671875 0.174072265625 0.142578125
2 0.1513671875 0.4677734375 0.295166015625 0.119140625
2 0.759765625 0.4609375 0.312744140625 0.136962890625
0 0.728515625 0.73828125 0.25390625 0.14013671875
2 0.4365234375 0.466796875 0.294677734375 0.125244140625
0 0.525390625 0.6826171875 0.20751953125 0.126708984375
0 0.16796875 0.73046875 0.238037109375 0.1328125
0 0.7451171875 0.6298828125 0.181884765625 0.099853515625
0 0.18359375 0.634765625 0.20361328125 0.09033203125
0 0.3935546875 0.6259765625 0.201416015625 0.095947265625