0 0.736380775390625 0.6673821953125 0.7657725078125 0.677734375 0.816266990234375 0.677734375 0.83816826953125 0.6719778046875 0.84603135546875 0.655579806640625 0.85080784765625 0.616670359375 0.830774005859375 0.603987576171875 0.796755900390625 0.5944636875 0.784741359375 0.59375 0.77256887890625 0.59375 0.7428848515625 0.5993561640625 0.72407208203125 0.60964071484375 0.71484375 0.621602359375 0.71484375 0.633751833984375 0.715793681640625 0.641133677734375 0.736380775390625 0.6673821953125
0 0.66683894140625 0.691722439453125 0.687521880859375 0.676617236328125 0.697147416015625 0.6631048125 0.698248556640625 0.645324373046875 0.689393673828125 0.633252662109375 0.670274314453125 0.619606220703125 0.640251775390625 0.61119428125 0.61146281640625 0.6100197734375 0.58487662109375 0.61707716796875 0.560471158203125 0.631846212890625 0.548158384765625 0.64757769921875 0.546875 0.65672374609375 0.546875 0.665644712890625 0.549260009765625 0.673590037109375 0.562916763671875 0.68959360546875 0.58086864453125 0.69756335546875 0.590713732421875 0.69921875 0.644456130859375 0.69921875 0.66683894140625 0.691722439453125
0 0.585554333984375 0.564463654296875 0.57458876953125 0.57038586328125 0.569241935546875 0.578814884765625 0.568756474609375 0.5965366796875 0.573630798828125 0.606350208984375 0.584046166015625 0.615546025390625 0.608935548828125 0.61094368359375 0.64042111328125 0.6109150078125 0.673671314453125 0.619140625 0.676651708984375 0.619140625 0.693145185546875 0.608431646484375 0.697618146484375 0.60210180078125 0.70107480859375 0.592142837890625 0.698796220703125 0.5749902734375 0.67830211328125 0.57013824609375 0.585554333984375 0.564463654296875
0 0.534421056640625 0.62299430859375 0.513965810546875 0.611686869140625 0.48286433984375 0.605927337890625 0.47947700390625 0.605952427734375 0.461161025390625 0.60843198046875 0.41958309375 0.6207197890625 0.4002312421875 0.633363822265625 0.39659021875 0.640876556640625 0.3966943671875 0.654936611328125 0.404228154296875 0.672919720703125 0.41724898828125 0.68063619921875 0.447873990234375 0.689784861328125 0.463315037109375 0.69140625 0.48107978515625 0.69140625 0.4923261484375 0.69049730859375 0.5218824765625 0.680381998046875 0.537534482421875 0.668286232421875 0.544857013671875 0.65677303125 0.543776765625 0.6359465546875 0.534421056640625 0.62299430859375
0 0.398899259765625 0.631534744140625 0.412714845703125 0.621741791015625 0.473687068359375 0.603444466796875 0.47360219140625 0.591986134765625 0.46516083203125 0.577341072265625 0.438216388671875 0.564642169921875 0.40764154296875 0.561811666015625 0.378035060546875 0.5647171875 0.35588228515625 0.573927578125 0.342093703125 0.58736636328125 0.33984375 0.605689611328125 0.33984375 0.6094919609375 0.34605975390625 0.62281046484375 0.353517314453125 0.62963616796875 0.3655967890625 0.635454498046875 0.373381916015625 0.63671875 0.39488251171875 0.63671875 0.398899259765625 0.631534744140625
0 0.49748462109375 0.595703125 0.5141595546875 0.58724989453125 0.52030141015625 0.579798875 0.522229103515625 0.56686077734375 0.51058923046875 0.56143155859375 0.435680765625 0.55141896484375 0.41084058203125 0.551602966796875 0.40625 0.554589037109375 0.40625 0.5596751015625 0.40674974609375 0.56068203125 0.434365146484375 0.5634541171875 0.456842244140625 0.5726953046875 0.46904369140625 0.582860775390625 0.47492633984375 0.595703125 0.49748462109375 0.595703125
1 0.780322361328125 0.293420525390625 0.78409644140625 0.280597923828125 0.800113095703125 0.26540703515625 0.804516771484375 0.253517154296875 0.8045930078125 0.2432251015625 0.75319292578125 0.236354740234375 0.727182830078125 0.236817150390625 0.67052431640625 0.23146255078125 0.660550013671875 0.231536435546875 0.572265625 0.295165375 0.572265625 0.30469480078125 0.619443974609375 0.31051933984375 0.67843622265625 0.314453125 0.759808615234375 0.314453125 0.7742206875 0.300351712890625 0.77458230859375 0.295673208984375 0.780322361328125 0.293420525390625
1 0.42614800390625 0.3095480546875 0.49304162109375 0.310043564453125 0.512780439453125 0.3008438515625 0.5390493359375 0.28476799609375 0.55037919921875 0.27431001171875 0.567211775390625 0.266688951171875 0.5738810390625 0.257596265625 0.57333195703125 0.2388233671875 0.479692998046875 0.232421875 0.4392733203125 0.232421875 0.285788173828125 0.288996498046875 0.285947072265625 0.29972221875 0.287602326171875 0.3012130625 0.294051814453125 0.303048388671875 0.330190994140625 0.303014830078125 0.42614800390625 0.3095480546875
2 0.74077765625 0.536415705078125 0.754790017578125 0.541015625 0.771236130859375 0.541015625 0.77706671484375 0.540612314453125 0.78119137890625 0.541015625 0.811057828125 0.541015625 0.81228499609375 0.54068504296875 0.82948515625 0.529012822265625 0.868095880859375 0.520082388671875 0.876786017578125 0.50355887890625 0.871595728515625 0.487622896484375 0.874279275390625 0.458324865234375 0.859273541015625 0.453227369140625 0.706678056640625 0.435713521484375 0.705078125 0.436888615234375 0.705078125 0.457158560546875 0.706643359375 0.461251376953125 0.70945911328125 0.515331876953125 0.707028384765625 0.52533662890625 0.710077123046875 0.53302484375 0.721290525390625 0.535677107421875 0.74077765625 0.536415705078125
2 0.589287568359375 0.519335455078125 0.643982248046875 0.534339580078125 0.699107533203125 0.53515625 0.70010494921875 0.53515625 0.701023294921875 0.533093142578125 0.705078125 0.471456568359375 0.705078125 0.467110474609375 0.660522259765625 0.450655216796875 0.634631314453125 0.448395083984375 0.613543220703125 0.441768294921875 0.60986716796875 0.44140625 0.59603103515625 0.44140625 0.5890533125 0.451585939453125 0.561865490234375 0.459138244140625 0.538874376953125 0.478435083984375 0.51250689453125 0.494136138671875 0.512708259765625 0.507728306640625 0.589287568359375 0.519335455078125
2 0.5761179921875 0.4590912578125 0.58270364453125 0.45809960546875 0.58984375 0.452603640625 0.58984375 0.440463236328125 0.52407978515625 0.4357320234375 0.472018251953125 0.4237286796875 0.435225423828125 0.4237286796875 0.432744306640625 0.42722389453125 0.434391451171875 0.441474982421875 0.423499439453125 0.461422041015625 0.400843275390625 0.484836396484375 0.40091563671875 0.49460515625 0.422819765625 0.504728806640625 0.43385421875 0.5062160546875 0.452780171875 0.513618115234375 0.47278454296875 0.517578125 0.495359625 0.517578125 0.500060935546875 0.515139546875 0.5116266484375 0.498386298828125 0.525047255859375 0.493289876953125 0.5466413203125 0.47898087890625 0.551838025390625 0.47212045703125 0.5761179921875 0.4590912578125
2 0.418126703125 0.461844146484375 0.417014443359375 0.457723185546875 0.422307078125 0.451749990234375 0.42096076171875 0.442425814453125 0.404861001953125 0.4348080390625 0.348728095703125 0.423255953125 0.324607462890625 0.42277684765625 0.322663810546875 0.42077878125 0.318155759765625 0.4235884375 0.314338666015625 0.42115326953125 0.3088119765625 0.42192325 0.304397546875 0.426814193359375 0.310064669921875 0.429166140625 0.313214205078125 0.437366455078125 0.3087295625 0.44069643359375 0.2814706015625 0.452871482421875 0.26403573046875 0.456783998046875 0.219412119140625 0.474432529296875 0.216796875 0.477008162109375 0.216796875 0.480364021484375 0.217866357421875 0.481279927734375 0.29842416796875 0.500075296875 0.368369443359375 0.50390625 0.382887888671875 0.50390625 0.4096723359375 0.479951177734375 0.418126703125 0.461844146484375