0 0.5390625 0.2333984375 0.24609375 0.1533203125
2 0.3369140625 0.5732421875 0.166015625 0.119140625
2 0.5068359375 0.546875 0.255859375 0.1240234375
0 0.708984375 0.662109375 0.1640625 0.09375
0 0.5595703125 0.6943359375 0.1708984375 0.0966796875
2 0.6962890625 0.5 0.29296875 0.1123046875
2 0.4609375 0.798828125 0.34375 0.13671875
0 0.16796875 0.73828125 0.06640625 0.0888671875
2 0.1328125 0.583984375 0.08984375 0.0947265625
0 0.3837890625 0.7041015625 0.1298828125 0.0439453125
1 0.794921875 0.2724609375 0.3486328125 0.05859375
2 0.9423828125 0.013671875 0.1083984375 0.0263671875
1 0.3193359375 0.291015625 0.51171875 0.0986328125