2 0.2099609375 0.4951171875 0.20703125 0.142578125
1 0.23046875 0.2890625 0.32421875 0.15625
2 0.390625 0.4873046875 0.224609375 0.1123046875
1 0.4951171875 0.2451171875 0.3642578125 0.13671875
2 0.6474609375 0.4072265625 0.2294921875 0.11328125
0 0.412109375 0.626953125 0.1455078125 0.087890625
0 0.2685546875 0.6240234375 0.1376953125 0.0693359375
0 0.5517578125 0.6005859375 0.142578125 0.080078125
0 0.544921875 0.544921875 0.1220703125 0.0478515625
0 0.66796875 0.560546875 0.1474609375 0.078125
0 0.40234375 0.57421875 0.1181640625 0.0390625
2 0.537037037109375 0.482291666015625 0.57222222265625 0.470833333984375 0.5981481484375 0.456770833984375 0.6 0.4515625 0.596296296875 0.444791666015625 0.584259259765625 0.440625 0.563888888671875 0.428645833984375 0.541666666015625 0.4078125 0.52962962890625 0.39375 0.52407407421875 0.374479166015625 0.489814814453125 0.377083333984375 0.441666666015625 0.390104166015625 0.365740740234375 0.396875 0.364814814453125 0.402083333984375 0.382407408203125 0.425 0.391666666015625 0.4265625 0.4981481484375 0.4859375 0.52222222265625 0.4859375 0.537037037109375 0.482291666015625