2 0.7568359375 0.6396484375 0.224853515625 0.16015625
0 0.318359375 0.650390625 0.160400390625 0.093505859375
1 0.734375 0.34765625 0.339599609375 0.105712890625
2 0.412109375 0.443359375 0.222900390625 0.113525390625
1 0.8984375 0.4560546875 0.203125 0.138671875
0 0.57421875 0.7392578125 0.152587890625 0.092041015625
0 0.2314453125 0.5771484375 0.162353515625 0.088134765625
0 0.48828125 0.6533203125 0.1328125 0.076171875
0 0.3671875 0.5908203125 0.120849609375 0.072265625
2 0.639413474609375 0.646484375 0.645207 0.64078480859375 0.66309278125 0.63397943359375 0.6661105078125 0.62832865625 0.721398017578125 0.59127717578125 0.723688912109375 0.580915078125 0.707169146484375 0.555440109375 0.684746123046875 0.538142791015625 0.671089611328125 0.53255438671875 0.668204080078125 0.53508126171875 0.65331398828125 0.536756505859375 0.637785201171875 0.531637833984375 0.634216904296875 0.528412087890625 0.6204281953125 0.52594758984375 0.6093046953125 0.52616272265625 0.54943587890625 0.540152814453125 0.5196116328125 0.544544607421875 0.512078458984375 0.547464833984375 0.509765625 0.552160435546875 0.509765625 0.5570969453125 0.510580490234375 0.56097629296875 0.555404505859375 0.596091580078125 0.582893546875 0.624995970703125 0.607078685546875 0.6444268125 0.61304707421875 0.646484375 0.639413474609375 0.646484375
2 0.56739728125 0.44879557421875 0.544249134765625 0.441503908203125 0.529434318359375 0.454003908203125 0.5118417265625 0.459212240234375 0.5081380234375 0.463378908203125 0.471100986328125 0.48317057421875 0.447026912109375 0.486816408203125 0.422026912109375 0.496712240234375 0.422026912109375 0.502441408203125 0.43221209765625 0.518066408203125 0.447952837890625 0.53317057421875 0.473878763671875 0.55035807421875 0.495614875 0.560546875 0.508572056640625 0.560546875 0.6368417265625 0.521191408203125 0.654434318359375 0.51910807421875 0.6618417265625 0.514941408203125 0.669249134765625 0.504003908203125 0.613693578125 0.480566408203125 0.56739728125 0.44879557421875