2 0.578125 0.2939453125 0.1865234375 0.1318359375
2 0.224609375 0.28125 0.2421875 0.12890625
1 0.3271484375 0.0595703125 0.2509765625 0.1181640625
2 0.763671875 0.314453125 0.220703125 0.111328125
1 0.6953125 0.07421875 0.2685546875 0.1484375
0 0.5380859375 0.48828125 0.158203125 0.087890625
0 0.3759765625 0.4736328125 0.1552734375 0.08984375
0 0.2255859375 0.4345703125 0.154296875 0.076171875
0 0.63671875 0.447265625 0.146484375 0.0703125
0 0.40625 0.41796875 0.12890625 0.033203125
2 0.512037037109375 0.343229166015625 0.5 0.3265625 0.487962962890625 0.298958333984375 0.490740740234375 0.274479166015625 0.481481482421875 0.261979166015625 0.462037037109375 0.249479166015625 0.3805555546875 0.25 0.366666666015625 0.253645833984375 0.336111111328125 0.25625 0.3268518515625 0.265625 0.3194444453125 0.2828125 0.313888888671875 0.286458333984375 0.3 0.311979166015625 0.285185185546875 0.341666666015625 0.285185185546875 0.349479166015625 0.2944444453125 0.3546875 0.312962962890625 0.358333333984375 0.512037037109375 0.355729166015625 0.512037037109375 0.343229166015625