0 0.279296875 0.5546875 0.171875 0.09423828125
0 0.4345703125 0.0498046875 0.2734375 0.099609375
2 0.4853515625 0.408203125 0.259765625 0.12060546875
2 0.2607421875 0.3759765625 0.256103515625 0.103515625
2 0.6455078125 0.4267578125 0.16796875 0.09765625
2 0.529296875 0.6796875 0.355712890625 0.121337890625
0 0.4326171875 0.58203125 0.181396484375 0.097900390625
0 0.6298828125 0.57421875 0.171875 0.078125
2 0.8779296875 0.427734375 0.10546875 0.070068359375
0 0.8359375 0.6142578125 0.08203125 0.099853515625
0 0.4609375 0.5302734375 0.160400390625 0.060546875