2 0.8154296875 0.2392578125 0.314208984375 0.14453125
1 0.5703125 0.4599609375 0.27294921875 0.1796875
1 0.2275390625 0.333984375 0.166259765625 0.22216796875
2 0.552734375 0.1748046875 0.332275390625 0.150634765625
0 0.08984375 0.5068359375 0.17578125 0.091552734375
2 0.2607421875 0.109375 0.392578125 0.133056640625
0 0.5390625 0.5810546875 0.14892578125 0.068359375
0 0.40234375 0.6240234375 0.17578125 0.095947265625
0 0.2548828125 0.5390625 0.162353515625 0.089599609375
0 0.3974609375 0.537109375 0.115234375 0.05029296875
0 0.2158203125 0.482421875 0.095947265625 0.04296875