0 0.703125 0.5546875 0.156494140625 0.0859375
2 0.2802734375 0.38671875 0.232421875 0.073974609375
0 0.4443359375 0.5087890625 0.122802734375 0.0703125
0 0.296875 0.513671875 0.156005859375 0.078125
2 0.490234375 0.392578125 0.26953125 0.073974609375
0 0.552734375 0.5458984375 0.14453125 0.08203125
2 0.720703125 0.3896484375 0.20703125 0.079833984375
1 0.66796875 0.150390625 0.2109375 0.051025390625
2 0.3876953125 0.5849609375 0.263427734375 0.05859375
1 0.296875 0.1474609375 0.20263671875 0.048828125
0 0.6103515625 0.5048828125 0.142333984375 0.072265625