1 0.083984375 0.5029296875 0.1669921875 0.1494140625
2 0.4921875 0.5927734375 0.2265625 0.1142578125
2 0.4794921875 0.28515625 0.185546875 0.142578125
0 0.8125 0.330078125 0.1748046875 0.1015625
0 0.7607421875 0.6025390625 0.1640625 0.0859375
0 0.8359375 0.427734375 0.1669921875 0.099609375
2 0.5126953125 0.494140625 0.1884765625 0.1103515625
0 0.7216796875 0.5048828125 0.09375 0.0859375
0 0.7216796875 0.4091796875 0.1103515625 0.0771484375
2 0.4873046875 0.396484375 0.2001953125 0.107421875
0 0.8349609375 0.5234375 0.1884765625 0.095703125
1 0.0888671875 0.322265625 0.177734375 0.201171875