1 0.3944444453125 0.2921875 0.393518517578125 0.258333333984375 0.32037037109375 0.259375 0.310185185546875 0.257291666015625 0.3018518515625 0.259895833984375 0.25 0.261979166015625 0.239814814453125 0.272395833984375 0.188888888671875 0.356770833984375 0.186111111328125 0.366145833984375 0.19537037109375 0.368229166015625 0.378703703125 0.369270833984375 0.387037037109375 0.349479166015625 0.387962962890625 0.315104166015625 0.3944444453125 0.2921875
1 0.591666666015625 0.372916666015625 0.59907407421875 0.370833333984375 0.60462962890625 0.372916666015625 0.6805555546875 0.371875 0.7444444453125 0.3734375 0.7481481484375 0.3703125 0.7481481484375 0.361458333984375 0.738888888671875 0.3421875 0.740740740234375 0.334895833984375 0.728703703125 0.321875 0.725 0.30625 0.7 0.258333333984375 0.65 0.2578125 0.6194444453125 0.255208333984375 0.55462962890625 0.25625 0.5518518515625 0.2578125 0.5518518515625 0.308854166015625 0.556481482421875 0.369270833984375 0.562962962890625 0.371875 0.57777777734375 0.372916666015625 0.591666666015625 0.372916666015625
2 0.22037037109375 0.5359375 0.259259259765625 0.540104166015625 0.313888888671875 0.553125 0.332407408203125 0.554166666015625 0.35277777734375 0.533333333984375 0.362037037109375 0.5078125 0.37592592578125 0.4984375 0.40277777734375 0.46875 0.40462962890625 0.463020833984375 0.4018518515625 0.458854166015625 0.360185185546875 0.4578125 0.34537037109375 0.459375 0.338888888671875 0.456770833984375 0.32037037109375 0.459375 0.287037037109375 0.459375 0.278703703125 0.455729166015625 0.259259259765625 0.4578125 0.25277777734375 0.45625 0.236111111328125 0.457291666015625 0.235185185546875 0.461458333984375 0.1731481484375 0.53125 0.162037037109375 0.536979166015625 0.175 0.538541666015625 0.185185185546875 0.535416666015625 0.22037037109375 0.5359375
2 0.5305555546875 0.5421875 0.584259259765625 0.526041666015625 0.6018518515625 0.515625 0.614814814453125 0.505208333984375 0.615740740234375 0.501041666015625 0.6018518515625 0.492708333984375 0.581481482421875 0.484895833984375 0.5444444453125 0.463020833984375 0.535185185546875 0.4625 0.362962962890625 0.51875 0.3555555546875 0.528645833984375 0.359259259765625 0.539583333984375 0.385185185546875 0.553645833984375 0.40277777734375 0.558854166015625 0.414814814453125 0.558854166015625 0.460185185546875 0.5671875 0.5305555546875 0.5421875
2 0.712962962890625 0.5578125 0.808333333984375 0.538541666015625 0.808333333984375 0.533854166015625 0.786111111328125 0.513020833984375 0.783333333984375 0.5 0.77407407421875 0.4875 0.77222222265625 0.479166666015625 0.781481482421875 0.472395833984375 0.785185185546875 0.463541666015625 0.782407408203125 0.455729166015625 0.743518517578125 0.455729166015625 0.72222222265625 0.458333333984375 0.612962962890625 0.463541666015625 0.612037037109375 0.471354166015625 0.618518517578125 0.490104166015625 0.613888888671875 0.551041666015625 0.618518517578125 0.5546875 0.6518518515625 0.557291666015625 0.712962962890625 0.5578125
2 0.457407408203125 0.717708333984375 0.485185185546875 0.7109375 0.518518517578125 0.709375 0.52037037109375 0.705729166015625 0.517592591796875 0.678645833984375 0.482407408203125 0.652604166015625 0.386111111328125 0.6515625 0.3694444453125 0.649479166015625 0.307407408203125 0.65 0.290740740234375 0.652083333984375 0.27962962890625 0.664583333984375 0.268518517578125 0.694270833984375 0.267592591796875 0.706770833984375 0.271296296875 0.711979166015625 0.293518517578125 0.716145833984375 0.353703703125 0.714583333984375 0.40277777734375 0.717708333984375 0.457407408203125 0.717708333984375
0 0.3481481484375 0.6375 0.3805555546875 0.619791666015625 0.387962962890625 0.609895833984375 0.385185185546875 0.597395833984375 0.371296296875 0.594791666015625 0.243518517578125 0.595833333984375 0.238888888671875 0.597916666015625 0.239814814453125 0.613020833984375 0.24907407421875 0.624479166015625 0.267592591796875 0.633854166015625 0.29537037109375 0.6421875 0.328703703125 0.641145833984375 0.3481481484375 0.6375
0 0.482407408203125 0.623958333984375 0.50462962890625 0.608333333984375 0.508333333984375 0.599479166015625 0.5055555546875 0.596354166015625 0.467592591796875 0.594791666015625 0.39722222265625 0.5953125 0.393518517578125 0.596875 0.3944444453125 0.604166666015625 0.40277777734375 0.616145833984375 0.4268518515625 0.627604166015625 0.438888888671875 0.6296875 0.4731481484375 0.6265625 0.482407408203125 0.623958333984375
0 0.57407407421875 0.679166666015625 0.59537037109375 0.672395833984375 0.617592591796875 0.656770833984375 0.62407407421875 0.640625 0.62222222265625 0.6265625 0.60277777734375 0.611458333984375 0.565740740234375 0.5984375 0.54537037109375 0.5984375 0.512037037109375 0.60625 0.490740740234375 0.619791666015625 0.484259259765625 0.627604166015625 0.483333333984375 0.641666666015625 0.490740740234375 0.65625 0.5194444453125 0.675520833984375 0.534259259765625 0.6796875 0.54722222265625 0.681770833984375 0.57407407421875 0.679166666015625
0 0.6481481484375 0.619791666015625 0.668518517578125 0.6125 0.6768518515625 0.603125 0.6768518515625 0.5984375 0.667592591796875 0.595833333984375 0.6268518515625 0.5953125 0.557407408203125 0.5953125 0.557407408203125 0.5984375 0.59537037109375 0.607291666015625 0.617592591796875 0.621354166015625 0.6268518515625 0.63125 0.6481481484375 0.619791666015625
0 0.717592591796875 0.693229166015625 0.7555555546875 0.680729166015625 0.768518517578125 0.669791666015625 0.77407407421875 0.659375 0.77037037109375 0.6359375 0.761111111328125 0.6265625 0.741666666015625 0.615104166015625 0.706481482421875 0.6078125 0.67407407421875 0.6109375 0.6518518515625 0.619270833984375 0.633333333984375 0.630208333984375 0.62592592578125 0.640625 0.62407407421875 0.6578125 0.633333333984375 0.669270833984375 0.6444444453125 0.6765625 0.67037037109375 0.686979166015625 0.69537037109375 0.693229166015625 0.717592591796875 0.693229166015625