0 0 0.523958333984375 0.0305555546875 0.544791666015625 0.062962962890625 0.558854166015625 0.0981481484375 0.5671875 0.132407408203125 0.571875 0.163888888671875 0.571875 0.20277777734375 0.568229166015625 0.242592591796875 0.553645833984375 0.27407407421875 0.532291666015625 0.291666666015625 0.501041666015625 0.289814814453125 0.472916666015625 0.27407407421875 0.446875 0.231481482421875 0.419270833984375 0.186111111328125 0.4078125 0.15 0.405208333984375 0.133333333984375 0.40625 0.063888888671875 0.419791666015625 0.017592591796875 0.4375 0 0.447395833984375 0 0.523958333984375
0 0.89537037109375 0.684895833984375 0.912037037109375 0.684375 0.971296296875 0.678125 0.99907407421875 0.667708333984375 0.99907407421875 0.571875 0.966666666015625 0.557291666015625 0.936111111328125 0.5515625 0.90462962890625 0.551041666015625 0.90092592578125 0.549479166015625 0.884259259765625 0.552604166015625 0.8694444453125 0.551041666015625 0.8518518515625 0.554166666015625 0.82222222265625 0.565104166015625 0.79537037109375 0.579166666015625 0.784259259765625 0.590104166015625 0.778703703125 0.603645833984375 0.77962962890625 0.622916666015625 0.787037037109375 0.639583333984375 0.814814814453125 0.6625 0.840740740234375 0.673958333984375 0.87037037109375 0.681770833984375 0.89537037109375 0.684895833984375
0 0.864814814453125 0.5515625 0.883333333984375 0.552604166015625 0.913888888671875 0.55 0.918518517578125 0.547916666015625 0.92222222265625 0.53125 0.9194444453125 0.515625 0.910185185546875 0.513541666015625 0.889814814453125 0.518229166015625 0.735185185546875 0.563541666015625 0.736111111328125 0.567708333984375 0.756481482421875 0.578125 0.786111111328125 0.5828125 0.82222222265625 0.564583333984375 0.856481482421875 0.553645833984375 0.864814814453125 0.5515625
0 0.236111111328125 0.630208333984375 0.233333333984375 0.627604166015625 0.2268518515625 0.628125 0.20092592578125 0.6375 0.19907407421875 0.641666666015625 0.20277777734375 0.649479166015625 0.208333333984375 0.649479166015625 0.2194444453125 0.646875 0.237037037109375 0.636979166015625 0.236111111328125 0.630208333984375
0 0.246296296875 0.654166666015625 0.213888888671875 0.665104166015625 0.212962962890625 0.6703125 0.2194444453125 0.673958333984375 0.243518517578125 0.669270833984375 0.2555555546875 0.660416666015625 0.25277777734375 0.65625 0.246296296875 0.654166666015625
0 0.3481481484375 0.7140625 0.365740740234375 0.702083333984375 0.3768518515625 0.686979166015625 0.378703703125 0.671354166015625 0.3731481484375 0.6703125 0.353703703125 0.675 0.2231481484375 0.713541666015625 0.22222222265625 0.7171875 0.2305555546875 0.720833333984375 0.260185185546875 0.728645833984375 0.292592591796875 0.7296875 0.32037037109375 0.726041666015625 0.3481481484375 0.7140625
0 0.287962962890625 0.615104166015625 0.265740740234375 0.617708333984375 0.263888888671875 0.621875 0.27222222265625 0.631770833984375 0.282407408203125 0.630729166015625 0.29722222265625 0.6234375 0.29907407421875 0.619791666015625 0.287962962890625 0.615104166015625
0 0.312962962890625 0.635416666015625 0.30277777734375 0.636979166015625 0.287037037109375 0.643229166015625 0.286111111328125 0.650520833984375 0.292592591796875 0.6515625 0.32037037109375 0.645833333984375 0.32222222265625 0.641666666015625 0.32037037109375 0.6375 0.312962962890625 0.635416666015625
0 0.688888888671875 0.580208333984375 0.678703703125 0.5796875 0.6268518515625 0.596354166015625 0.57777777734375 0.608333333984375 0.5731481484375 0.613020833984375 0.5981481484375 0.614583333984375 0.616666666015625 0.613020833984375 0.658333333984375 0.6046875 0.675 0.596354166015625 0.688888888671875 0.580208333984375
0 0.975 0.753645833984375 0.990740740234375 0.7375 0.99537037109375 0.723958333984375 0.992592591796875 0.71875 0.987037037109375 0.7171875 0.975 0.7203125 0.8555555546875 0.758333333984375 0.84907407421875 0.761979166015625 0.85092592578125 0.765625 0.889814814453125 0.771354166015625 0.9305555546875 0.768229166015625 0.95277777734375 0.7640625 0.975 0.753645833984375
2 0.34537037109375 0.553125 0.362037037109375 0.565104166015625 0.37962962890625 0.5640625 0.47962962890625 0.541145833984375 0.493518517578125 0.535416666015625 0.557407408203125 0.519270833984375 0.591666666015625 0.506770833984375 0.62592592578125 0.497916666015625 0.646296296875 0.488020833984375 0.65277777734375 0.480729166015625 0.64907407421875 0.4734375 0.615740740234375 0.460416666015625 0.603703703125 0.4484375 0.538888888671875 0.4046875 0.49907407421875 0.3703125 0.487962962890625 0.3515625 0.475 0.34375 0.45 0.3484375 0.337962962890625 0.383333333984375 0.313888888671875 0.389583333984375 0.29537037109375 0.391145833984375 0.283333333984375 0.399479166015625 0.2518518515625 0.4078125 0.2481481484375 0.411979166015625 0.243518517578125 0.411979166015625 0.235185185546875 0.418229166015625 0.27777777734375 0.447395833984375 0.293518517578125 0.474479166015625 0.3018518515625 0.497395833984375 0.3194444453125 0.515625 0.34537037109375 0.553125
2 0.646296296875 0.4359375 0.69907407421875 0.461458333984375 0.712962962890625 0.474479166015625 0.7231481484375 0.4765625 0.807407408203125 0.449479166015625 0.817592591796875 0.444270833984375 0.842592591796875 0.438020833984375 0.866666666015625 0.427604166015625 0.932407408203125 0.3890625 0.984259259765625 0.349479166015625 0.986111111328125 0.344791666015625 0.9805555546875 0.340625 0.978703703125 0.342708333984375 0.960185185546875 0.3421875 0.933333333984375 0.336458333984375 0.907407408203125 0.338020833984375 0.883333333984375 0.335416666015625 0.825 0.321875 0.80277777734375 0.311979166015625 0.786111111328125 0.309375 0.768518517578125 0.302083333984375 0.75277777734375 0.299479166015625 0.740740740234375 0.280729166015625 0.717592591796875 0.279166666015625 0.692592591796875 0.289583333984375 0.685185185546875 0.289583333984375 0.6768518515625 0.292708333984375 0.664814814453125 0.300520833984375 0.65277777734375 0.303645833984375 0.65 0.302604166015625 0.637037037109375 0.3125 0.609259259765625 0.321354166015625 0.60462962890625 0.325520833984375 0.591666666015625 0.3296875 0.585185185546875 0.335416666015625 0.581481482421875 0.334375 0.563888888671875 0.34375 0.538888888671875 0.351041666015625 0.5305555546875 0.357291666015625 0.512037037109375 0.3625 0.506481482421875 0.365625 0.506481482421875 0.369791666015625 0.515740740234375 0.378125 0.566666666015625 0.394791666015625 0.62407407421875 0.417708333984375 0.646296296875 0.4359375
1 0.59537037109375 0.943229166015625 0.707407408203125 0.904166666015625 0.72037037109375 0.894270833984375 0.72037037109375 0.890625 0.69907407421875 0.863541666015625 0.660185185546875 0.8265625 0.6555555546875 0.825 0.6194444453125 0.8328125 0.612962962890625 0.836979166015625 0.562962962890625 0.85 0.514814814453125 0.869791666015625 0.513888888671875 0.8734375 0.528703703125 0.894270833984375 0.541666666015625 0.907291666015625 0.5555555546875 0.930208333984375 0.57037037109375 0.944791666015625 0.59537037109375 0.943229166015625
1 0.809259259765625 0.873958333984375 0.890740740234375 0.855208333984375 0.896296296875 0.85 0.893518517578125 0.834375 0.82407407421875 0.771875 0.816666666015625 0.772395833984375 0.7444444453125 0.79375 0.712962962890625 0.806770833984375 0.706481482421875 0.806770833984375 0.687962962890625 0.8140625 0.687962962890625 0.820833333984375 0.7194444453125 0.8625 0.743518517578125 0.886458333984375 0.75462962890625 0.891666666015625 0.7694444453125 0.890625 0.809259259765625 0.873958333984375