1 0.2666015625 0.4580078125 0.216796875 0.171875
2 0.08984375 0.21484375 0.1796875 0.125
0 0.4169921875 0.6357421875 0.181640625 0.0986328125
0 0.2978515625 0.580078125 0.166015625 0.076171875
0 0.755859375 0.5390625 0.1708984375 0.0908203125
2 0.3134765625 0.1728515625 0.2958984375 0.1337890625
2 0.6259765625 0.126953125 0.36328125 0.119140625
1 0.640625 0.365234375 0.2275390625 0.2109375
0 0.59375 0.5595703125 0.16015625 0.091796875
0 0.4482421875 0.544921875 0.1337890625 0.0595703125
0 0.626953125 0.50390625 0.1416015625 0.052734375