2 0.6376953125 0.36328125 0.1962890625 0.12109375
1 0.724609375 0.1162109375 0.3046875 0.142578125
1 0.3798828125 0.1240234375 0.240234375 0.142578125
2 0.8408203125 0.3544921875 0.2421875 0.1162109375
2 0.2939453125 0.3701171875 0.216796875 0.130859375
0 0.451171875 0.5498046875 0.15625 0.0947265625
0 0.3173828125 0.515625 0.1513671875 0.0771484375
0 0.771484375 0.5390625 0.1640625 0.091796875
0 0.609375 0.552734375 0.162109375 0.0869140625
0 0.6591796875 0.49609375 0.1435546875 0.0654296875
0 0.4892578125 0.4921875 0.1455078125 0.0498046875
2 0.39537037109375 0.430208333984375 0.413888888671875 0.43125 0.459259259765625 0.424479166015625 0.52592592578125 0.419270833984375 0.5444444453125 0.415625 0.561111111328125 0.4171875 0.584259259765625 0.414583333984375 0.587962962890625 0.404166666015625 0.5555555546875 0.359375 0.55277777734375 0.34375 0.54537037109375 0.33125 0.52037037109375 0.3140625 0.491666666015625 0.320833333984375 0.47962962890625 0.319270833984375 0.4481481484375 0.321354166015625 0.39722222265625 0.3359375 0.37962962890625 0.376041666015625 0.37222222265625 0.404166666015625 0.3731481484375 0.414583333984375 0.366666666015625 0.418229166015625 0.363888888671875 0.425 0.3694444453125 0.4328125 0.39537037109375 0.430208333984375