1 0.09765625 0.5205078125 0.195068359375 0.12109375
1 0.17578125 0.3427734375 0.26171875 0.1484375
2 0.4375 0.6552734375 0.207275390625 0.146728515625
0 0.69921875 0.6005859375 0.12109375 0.084228515625
0 0.8671875 0.4541015625 0.175537109375 0.095458984375
0 0.689453125 0.7041015625 0.16796875 0.095703125
2 0.572265625 0.3701171875 0.17529296875 0.123046875
0 0.8486328125 0.5458984375 0.170166015625 0.099365234375
0 0.748046875 0.505859375 0.12109375 0.078369140625
2 0.5146484375 0.4638671875 0.220458984375 0.09765625
2 0.4014786328125 0.562822970703125 0.40738953515625 0.594258052734375 0.41240753515625 0.599650318359375 0.45651033984375 0.606486345703125 0.506518486328125 0.618130486328125 0.516787857421875 0.61897869921875 0.52680290625 0.61618995703125 0.543810673828125 0.62109375 0.553739279296875 0.62109375 0.565145701171875 0.620296134765625 0.57162677734375 0.6067903046875 0.57614038671875 0.53860101171875 0.5859375 0.510420234375 0.5859375 0.4993556484375 0.5838656484375 0.495628962890625 0.549045517578125 0.495628962890625 0.517777310546875 0.50039163671875 0.49589987109375 0.506098298828125 0.456254708984375 0.50991476953125 0.44106094921875 0.51828669140625 0.43267525390625 0.5178288671875 0.4089504765625 0.523664705078125 0.408265744140625 0.540419953125 0.4014786328125 0.562822970703125