0 0.76171875 0.421875 0.166015625 0.0927734375
2 0.37890625 0.6259765625 0.1982421875 0.1298828125
1 0.09765625 0.326171875 0.1953125 0.1611328125
1 0.0576171875 0.5 0.115234375 0.126953125
0 0.6220703125 0.666015625 0.1572265625 0.0888671875
0 0.755859375 0.5087890625 0.16015625 0.0927734375
0 0.6552734375 0.474609375 0.11328125 0.0771484375
2 0.47265625 0.3330078125 0.189453125 0.119140625
0 0.71875 0.59765625 0.171875 0.09375
2 0.4296875 0.443359375 0.205078125 0.0986328125
2 0.4694444453125 0.591145833984375 0.490740740234375 0.590625 0.4944444453125 0.588541666015625 0.49907407421875 0.558854166015625 0.4981481484375 0.513541666015625 0.503703703125 0.4890625 0.503703703125 0.472916666015625 0.4981481484375 0.465625 0.487962962890625 0.465104166015625 0.383333333984375 0.481770833984375 0.368210185546875 0.4859375 0.358333333984375 0.4859375 0.336111111328125 0.494270833984375 0.32962962890625 0.5 0.32407407421875 0.540104166015625 0.336111111328125 0.56875 0.37222222265625 0.574479166015625 0.4 0.581770833984375 0.464814814453125 0.588020833984375 0.4694444453125 0.591145833984375
0 0.631481482421875 0.5875 0.637962962890625 0.573958333984375 0.64722222265625 0.565104166015625 0.67407407421875 0.553125 0.67222222265625 0.547395833984375 0.661111111328125 0.5390625 0.635185185546875 0.527604166015625 0.612037037109375 0.525 0.584259259765625 0.527604166015625 0.57962962890625 0.533854166015625 0.566666666015625 0.5796875 0.562962962890625 0.5984375 0.571296296875 0.6046875 0.5981481484375 0.609375 0.612962962890625 0.609375 0.6305555546875 0.60625 0.631481482421875 0.5875