1 0.376953125 0.3486328125 0.1845703125 0.1328125
2 0.4619140625 0.529296875 0.1904296875 0.1005859375
2 0.294921875 0.521484375 0.17578125 0.1142578125
1 0.6376953125 0.33984375 0.2490234375 0.12890625
2 0.7509765625 0.4990234375 0.1982421875 0.1064453125
0 0.5966796875 0.6650390625 0.1435546875 0.080078125
0 0.3095703125 0.6474609375 0.1337890625 0.064453125
0 0.453125 0.666015625 0.140625 0.0830078125
0 0.45703125 0.6181640625 0.10546875 0.025390625
2 0.62962962890625 0.553645833984375 0.657407408203125 0.547916666015625 0.659259259765625 0.534895833984375 0.6518518515625 0.5234375 0.65 0.5015625 0.64537037109375 0.491666666015625 0.646296296875 0.4734375 0.65277777734375 0.463541666015625 0.65092592578125 0.458854166015625 0.62592592578125 0.455729166015625 0.607407408203125 0.45625 0.591666666015625 0.459375 0.556481482421875 0.459895833984375 0.52222222265625 0.455208333984375 0.5018518515625 0.4546875 0.496296296875 0.4609375 0.5 0.4796875 0.512962962890625 0.489583333984375 0.5194444453125 0.511979166015625 0.557407408203125 0.556770833984375 0.588888888671875 0.5578125 0.62962962890625 0.553645833984375
0 0.7055555546875 0.6484375 0.72777777734375 0.634375 0.733333333984375 0.622916666015625 0.734259259765625 0.6109375 0.7305555546875 0.599479166015625 0.7231481484375 0.593229166015625 0.6231481484375 0.597916666015625 0.606481482421875 0.6015625 0.60277777734375 0.60625 0.603703703125 0.622916666015625 0.64722222265625 0.6359375 0.657407408203125 0.641145833984375 0.6694444453125 0.652083333984375 0.681481482421875 0.653125 0.7055555546875 0.6484375