2 0.115234375 0.3974609375 0.23046875 0.142578125
2 0.46484375 0.34765625 0.234375 0.119140625
1 0.1572265625 0.1005859375 0.3134765625 0.091796875
0 0.3515625 0.5849609375 0.17578125 0.1044921875
0 0.1787109375 0.5693359375 0.166015625 0.095703125
0 0.3427734375 0.5126953125 0.1591796875 0.072265625
0 0.65625 0.525390625 0.1708984375 0.091796875
0 0.5166015625 0.564453125 0.1689453125 0.09375
1 0.4755859375 0.0791015625 0.4091796875 0.0810546875
0 0.5205078125 0.4951171875 0.1396484375 0.0595703125
2 0.335185185546875 0.423958333984375 0.4194444453125 0.405729166015625 0.428703703125 0.40625 0.4555555546875 0.395833333984375 0.4555555546875 0.390104166015625 0.442592591796875 0.376041666015625 0.42777777734375 0.36875 0.411111111328125 0.365104166015625 0.37592592578125 0.3453125 0.3518518515625 0.3359375 0.339814814453125 0.335416666015625 0.318518517578125 0.3234375 0.2518518515625 0.338541666015625 0.203703703125 0.359375 0.20277777734375 0.367708333984375 0.235185185546875 0.4390625 0.240740740234375 0.44375 0.24722222265625 0.4453125 0.307407408203125 0.4359375 0.335185185546875 0.423958333984375
2 0.568518517578125 0.358333333984375 0.582407408203125 0.3734375 0.5944444453125 0.378125 0.62037037109375 0.377604166015625 0.62592592578125 0.375 0.664814814453125 0.370833333984375 0.6981481484375 0.363020833984375 0.72962962890625 0.346875 0.768518517578125 0.331770833984375 0.77592592578125 0.325 0.775 0.322395833984375 0.72407407421875 0.310416666015625 0.706481482421875 0.306770833984375 0.67962962890625 0.305208333984375 0.657407408203125 0.3 0.64722222265625 0.290625 0.642592591796875 0.290625 0.64722222265625 0.284375 0.64537037109375 0.279166666015625 0.62962962890625 0.2765625 0.615740740234375 0.278645833984375 0.587962962890625 0.2875 0.568518517578125 0.300520833984375 0.55277777734375 0.3 0.539814814453125 0.303645833984375 0.528703703125 0.309895833984375 0.525 0.3140625 0.528703703125 0.325 0.542592591796875 0.338541666015625 0.55277777734375 0.343229166015625 0.563888888671875 0.358854166015625 0.568518517578125 0.358333333984375