1 0.3310546875 0.35546875 0.1318359375 0.103515625
1 0.537109375 0.357421875 0.1552734375 0.1044921875
2 0.6220703125 0.482421875 0.1416015625 0.078125
2 0.2685546875 0.486328125 0.1455078125 0.0859375
0 0.3623046875 0.6083984375 0.109375 0.064453125
0 0.47265625 0.611328125 0.111328125 0.060546875
2 0.390625 0.4931640625 0.1416015625 0.0771484375
2 0.4990234375 0.484375 0.1220703125 0.08203125
0 0.587890625 0.603515625 0.11328125 0.064453125
0 0.275390625 0.5830078125 0.1064453125 0.0537109375
0 0.5166015625 0.576171875 0.1005859375 0.04296875
0 0.39453125 0.5712890625 0.103515625 0.033203125