2 0.5654296875 0.482421875 0.2373046875 0.1181640625
2 0.3212890625 0.5771484375 0.2060546875 0.146484375
0 0.583984375 0.6875 0.15234375 0.0908203125
1 0.224609375 0.3876953125 0.2841796875 0.140625
1 0.462890625 0.3017578125 0.337890625 0.1171875
0 0.439453125 0.6943359375 0.1435546875 0.0830078125
0 0.7138671875 0.64453125 0.15625 0.0888671875
0 0.8232421875 0.587890625 0.1640625 0.0869140625
0 0.693359375 0.58203125 0.1240234375 0.0654296875
0 0.552734375 0.626953125 0.1298828125 0.0625
2 0.462037037109375 0.599479166015625 0.487962962890625 0.583854166015625 0.49537037109375 0.581770833984375 0.52222222265625 0.563541666015625 0.563888888671875 0.547395833984375 0.585185185546875 0.536979166015625 0.587037037109375 0.5328125 0.584259259765625 0.528125 0.528703703125 0.509895833984375 0.496296296875 0.493229166015625 0.45 0.4828125 0.441666666015625 0.483854166015625 0.414814814453125 0.497916666015625 0.39722222265625 0.503125 0.368518517578125 0.525 0.3694444453125 0.5359375 0.403703703125 0.580208333984375 0.414814814453125 0.5875 0.425 0.602083333984375 0.437962962890625 0.608333333984375 0.462037037109375 0.599479166015625
2 0.667592591796875 0.4796875 0.675 0.480729166015625 0.678703703125 0.486458333984375 0.688888888671875 0.489583333984375 0.713888888671875 0.484895833984375 0.75462962890625 0.46875 0.782407408203125 0.4546875 0.806481482421875 0.435416666015625 0.814814814453125 0.425 0.82962962890625 0.415104166015625 0.8305555546875 0.4109375 0.82777777734375 0.408333333984375 0.79537037109375 0.408333333984375 0.7694444453125 0.4046875 0.746296296875 0.4046875 0.711111111328125 0.39375 0.70277777734375 0.380208333984375 0.692592591796875 0.376041666015625 0.685185185546875 0.376041666015625 0.657407408203125 0.3890625 0.603703703125 0.425 0.60092592578125 0.4296875 0.609259259765625 0.438541666015625 0.610185185546875 0.4453125 0.62962962890625 0.4609375 0.639814814453125 0.467708333984375 0.667592591796875 0.4796875