2 0.7470703125 0.3369140625 0.185546875 0.1376953125
2 0.744140625 0.4775390625 0.173828125 0.126953125
2 0.7431640625 0.634765625 0.1669921875 0.1708984375
1 0.41015625 0.583984375 0.283203125 0.150390625
1 0.376953125 0.3759765625 0.267578125 0.1005859375
0 0.06640625 0.4033203125 0.1328125 0.09765625
0 0.1064453125 0.603515625 0.1669921875 0.091796875
0 0.1689453125 0.4482421875 0.06640625 0.0673828125
0 0.1220703125 0.515625 0.1630859375 0.0908203125
0 0.15625 0.3603515625 0.0908203125 0.0908203125
0 0.18359375 0.556640625 0.05078125 0.05859375