2 0.3525390625 0.6748046875 0.1904296875 0.083984375
2 0.5166015625 0.6748046875 0.177734375 0.0830078125
0 0.375 0.8505859375 0.1513671875 0.09375
0 0.5693359375 0.8466796875 0.154296875 0.0927734375
0 0.724609375 0.85546875 0.16015625 0.0947265625
0 0.45703125 0.798828125 0.1259765625 0.0751953125
1 0.37109375 0.4833984375 0.2060546875 0.048828125
2 0.7431640625 0.486328125 0.201171875 0.048828125
1 0.5361328125 0.4833984375 0.1669921875 0.0498046875
0 0.654296875 0.794921875 0.140625 0.0712890625
2 0.7353515625 0.69140625 0.15234375 0.0654296875