2 0.2919921875 0.51171875 0.1884765625 0.138671875
1 0.2734375 0.2998046875 0.2666015625 0.1396484375
0 0.5185546875 0.65234375 0.1494140625 0.0908203125
2 0.7490234375 0.419921875 0.2314453125 0.1123046875
2 0.47265625 0.5 0.2138671875 0.1181640625
0 0.3759765625 0.6416015625 0.1435546875 0.0810546875
1 0.54296875 0.2529296875 0.3291015625 0.1220703125
0 0.6630859375 0.6279296875 0.1533203125 0.083984375
0 0.7900390625 0.5869140625 0.1611328125 0.0859375
0 0.509765625 0.5908203125 0.1337890625 0.0546875
0 0.6650390625 0.564453125 0.125 0.0595703125
2 0.613888888671875 0.501041666015625 0.64722222265625 0.491145833984375 0.684259259765625 0.4734375 0.684259259765625 0.466145833984375 0.665740740234375 0.456770833984375 0.632407408203125 0.419270833984375 0.62222222265625 0.391666666015625 0.590740740234375 0.392708333984375 0.531481482421875 0.409375 0.466666666015625 0.415625 0.462962962890625 0.417708333984375 0.466666666015625 0.433333333984375 0.485185185546875 0.440625 0.563888888671875 0.50625 0.578703703125 0.506770833984375 0.613888888671875 0.501041666015625