2 0.53515625 0.5 0.22607421875 0.171875
2 0.5419921875 0.34765625 0.212646484375 0.12890625
0 0.5927734375 0.6240234375 0.19140625 0.11328125
0 0.1904296875 0.3837890625 0.181884765625 0.099853515625
0 0.216796875 0.5107421875 0.179931640625 0.09375
0 0.2998046875 0.4345703125 0.130615234375 0.08203125
0 0.31640625 0.5595703125 0.121337890625 0.087890625
2 0.96484375 0.66015625 0.062744140625 0.183837890625
1 0.970703125 0.314453125 0.054443359375 0.152587890625
1 0.99366698828125 0.423828125 0.983926876953125 0.423828125 0.947705318359375 0.429793078125 0.940675841796875 0.434571474609375 0.939182642578125 0.438880234375 0.9456643203125 0.57006624609375 0.9494305390625 0.574082216796875 0.961817896484375 0.57389869921875 0.965217421875 0.570498609375 0.998046875 0.55550703125 0.998046875 0.475459791015625 0.99366698828125 0.423828125
2 0.971085068359375 0.720454201171875 0.9858743359375 0.74588573828125 0.99143217578125 0.75 0.99609375 0.75 0.99609375 0.587425193359375 0.99520724609375 0.562045611328125 0.970549658203125 0.572470037109375 0.9521878359375 0.577416466796875 0.936729333984375 0.585888056640625 0.934409326171875 0.625593720703125 0.936788833984375 0.667185064453125 0.946442345703125 0.678241767578125 0.953665125 0.69930322265625 0.971085068359375 0.720454201171875