2 0.845703125 0.4833984375 0.17529296875 0.130615234375
1 0.4677734375 0.37890625 0.260009765625 0.1015625
2 0.853515625 0.3408203125 0.18359375 0.140625
0 0.1376953125 0.4052734375 0.16796875 0.095703125
2 0.8447265625 0.6455078125 0.177978515625 0.169677734375
1 0.5009765625 0.5927734375 0.286865234375 0.154541015625
0 0.1884765625 0.60546875 0.1640625 0.089599609375
0 0.2109375 0.5205078125 0.16357421875 0.08984375
0 0.25 0.3642578125 0.093994140625 0.091552734375
0 0.2626953125 0.4521484375 0.0703125 0.0703125
0 0.2724609375 0.5556640625 0.052490234375 0.068603515625