2 0.421875 0.2939453125 0.187255859375 0.131103515625
2 0.775390625 0.28125 0.2421875 0.12890625
1 0.6728515625 0.0595703125 0.251708984375 0.118896484375
2 0.236328125 0.314453125 0.22216796875 0.11279296875
1 0.3046875 0.07421875 0.269287109375 0.1484375
0 0.4619140625 0.48828125 0.158203125 0.08642578125
0 0.6240234375 0.4736328125 0.154541015625 0.08984375
0 0.7744140625 0.4345703125 0.154296875 0.076171875
0 0.36328125 0.447265625 0.14794921875 0.0703125
0 0.59375 0.41796875 0.12890625 0.03173828125
2 0.4886103359375 0.352297955078125 0.601448275390625 0.35657928125 0.700737796875 0.357314759765625 0.704825630859375 0.35661318359375 0.714137 0.35163648828125 0.714215484375 0.3438261875 0.699699255859375 0.313778771484375 0.68606707421875 0.287919865234375 0.680548271484375 0.284136955078125 0.673313703125 0.26677015625 0.664148837890625 0.257167623046875 0.633620150390625 0.253804619140625 0.6204120078125 0.25 0.53384391796875 0.25 0.518724259765625 0.259281458984375 0.509339638671875 0.271547767578125 0.511871431640625 0.29608909375 0.499557357421875 0.32338626171875 0.48850593359375 0.33820343359375 0.4886103359375 0.352297955078125