1 0.3310546875 0.35546875 0.131103515625 0.10205078125
1 0.537109375 0.357421875 0.156005859375 0.105224609375
2 0.6220703125 0.482421875 0.142333984375 0.078125
2 0.2685546875 0.486328125 0.146240234375 0.0859375
0 0.3623046875 0.6083984375 0.109375 0.064453125
0 0.47265625 0.611328125 0.10986328125 0.05908203125
2 0.390625 0.4931640625 0.140869140625 0.076416015625
2 0.4990234375 0.484375 0.122802734375 0.08203125
0 0.587890625 0.603515625 0.11328125 0.06591796875
0 0.275390625 0.5830078125 0.105712890625 0.052978515625
0 0.5166015625 0.576171875 0.099853515625 0.04296875
0 0.39453125 0.5712890625 0.10205078125 0.033203125