1 0.09765625 0.5205078125 0.1943359375 0.12109375
1 0.17578125 0.3427734375 0.26171875 0.1484375
2 0.4375 0.6552734375 0.2080078125 0.1474609375
0 0.69921875 0.6005859375 0.12109375 0.0849609375
0 0.8671875 0.4541015625 0.1748046875 0.0947265625
0 0.689453125 0.7041015625 0.16796875 0.095703125
2 0.572265625 0.3701171875 0.173828125 0.123046875
0 0.8486328125 0.5458984375 0.1708984375 0.0986328125
0 0.748046875 0.505859375 0.12109375 0.0791015625
2 0.5146484375 0.4638671875 0.2197265625 0.09765625
2 0.5018518515625 0.619270833984375 0.512037037109375 0.620833333984375 0.52222222265625 0.61875 0.540740740234375 0.625520833984375 0.560185185546875 0.625520833984375 0.567592591796875 0.6125 0.5768518515625 0.544791666015625 0.588888888671875 0.516666666015625 0.589814814453125 0.507291666015625 0.585185185546875 0.497395833984375 0.521296296875 0.502604166015625 0.49907407421875 0.506770833984375 0.459259259765625 0.5078125 0.443518517578125 0.515104166015625 0.435185185546875 0.5140625 0.411111111328125 0.518229166015625 0.409259259765625 0.534895833984375 0.40092592578125 0.556770833984375 0.40462962890625 0.588541666015625 0.409259259765625 0.594270833984375 0.45277777734375 0.604166666015625 0.5018518515625 0.619270833984375