1 0.1611328125 0.55078125 0.169677734375 0.136474609375
1 0.3779296875 0.4482421875 0.20703125 0.115234375
2 0.3505859375 0.6787109375 0.154296875 0.134521484375
2 0.4912109375 0.62109375 0.150390625 0.11767578125
0 0.57421875 0.6884765625 0.10546875 0.060791015625
2 0.6279296875 0.5390625 0.185791015625 0.12109375
0 0.798828125 0.6328125 0.13720703125 0.077880859375
2 0.63671875 0.7734375 0.206787109375 0.120849609375
0 0.6904296875 0.6796875 0.1328125 0.078369140625
0 0.4833984375 0.744140625 0.142822265625 0.07421875
0 0.681640625 0.623046875 0.113525390625 0.051025390625